{
"lowlevel": {
    "average_loudness": 0.736885249615,
    "barkbands_crest": {
        "dmean": 3.04410457611,
        "dmean2": 4.77513837814,
        "dvar": 9.40821552277,
        "dvar2": 20.3896522522,
        "max": 26.40924263,
        "mean": 11.4252319336,
        "median": 10.2090215683,
        "min": 2.46034502983,
        "stdev": 5.37655639648,
        "var": 28.9073600769
    },
    "barkbands_flatness_db": {
        "dmean": 0.0284747537225,
        "dmean2": 0.041179522872,
        "dvar": 0.00100852164906,
        "dvar2": 0.00189964193851,
        "max": 0.489933699369,
        "mean": 0.160379379988,
        "median": 0.141560941935,
        "min": 0.0191492047161,
        "stdev": 0.0753093734384,
        "var": 0.00567150162533
    },
    "barkbands_kurtosis": {
        "dmean": 7.40658807755,
        "dmean2": 11.759554863,
        "dvar": 721.869934082,
        "dvar2": 1806.88244629,
        "max": 1082.03234863,
        "mean": 9.289935112,
        "median": 2.03871583939,
        "min": -1.93913698196,
        "stdev": 27.6036186218,
        "var": 761.959716797
    },
    "barkbands_skewness": {
        "dmean": 0.839962363243,
        "dmean2": 1.25297760963,
        "dvar": 1.47322142124,
        "dvar2": 3.12825751305,
        "max": 25.8931560516,
        "mean": 1.66438817978,
        "median": 1.1583532095,
        "min": -4.49401473999,
        "stdev": 2.00920557976,
        "var": 4.03690719604
    },
    "barkbands_spread": {
        "dmean": 7.14459991455,
        "dmean2": 10.9153118134,
        "dvar": 121.770881653,
        "dvar2": 265.85345459,
        "max": 118.429908752,
        "mean": 19.1672477722,
        "median": 15.3205327988,
        "min": 0.156362175941,
        "stdev": 16.4936389923,
        "var": 272.040130615
    },
    "dissonance": {
        "dmean": 0.0260278750211,
        "dmean2": 0.0440407656133,
        "dvar": 0.000740629155189,
        "dvar2": 0.00209445459768,
        "max": 0.499999821186,
        "mean": 0.449837595224,
        "median": 0.461005628109,
        "min": 0.216276735067,
        "stdev": 0.0418896526098,
        "var": 0.00175474304706
    },
    "dynamic_complexity": 7.02785587311,
    "erbbands_crest": {
        "dmean": 2.77061367035,
        "dmean2": 4.47018384933,
        "dvar": 6.60145950317,
        "dvar2": 16.2214355469,
        "max": 29.53083992,
        "mean": 9.90058326721,
        "median": 8.97735595703,
        "min": 2.53434514999,
        "stdev": 4.32746839523,
        "var": 18.726984024
    },
    "erbbands_flatness_db": {
        "dmean": 0.0216889884323,
        "dmean2": 0.0314848423004,
        "dvar": 0.000488230405608,
        "dvar2": 0.000966973544564,
        "max": 0.435165405273,
        "mean": 0.18368910253,
        "median": 0.174234464765,
        "min": 0.0294171068817,
        "stdev": 0.0650826618075,
        "var": 0.00423575285822
    },
    "erbbands_kurtosis": {
        "dmean": 1.5853716135,
        "dmean2": 2.48622059822,
        "dvar": 7.5087313652,
        "dvar2": 15.8254785538,
        "max": 76.2275695801,
        "mean": 1.7383043766,
        "median": 0.409091234207,
        "min": -1.85897386074,
        "stdev": 4.52835130692,
        "var": 20.5059642792
    },
    "erbbands_skewness": {
        "dmean": 0.487097650766,
        "dmean2": 0.737764596939,
        "dvar": 0.24603433907,
        "dvar2": 0.523028790951,
        "max": 8.15236854553,
        "mean": 0.480870604515,
        "median": 0.446325868368,
        "min": -5.50279760361,
        "stdev": 1.0357247591,
        "var": 1.07272577286
    },
    "erbbands_spread": {
        "dmean": 9.14168930054,
        "dmean2": 14.0652275085,
        "dvar": 150.775756836,
        "dvar2": 348.126281738,
        "max": 162.290374756,
        "mean": 33.2587776184,
        "median": 28.6906642914,
        "min": 1.8543150425,
        "stdev": 21.3576984406,
        "var": 456.151306152
    },
    "hfc": {
        "dmean": 9.50200939178,
        "dmean2": 14.7353067398,
        "dvar": 439.040344238,
        "dvar2": 1056.86340332,
        "max": 262.140716553,
        "mean": 17.6374435425,
        "median": 6.63431453705,
        "min": 1.134689836e-16,
        "stdev": 26.5533409119,
        "var": 705.079956055
    },
    "loudness_ebu128": {
        "integrated": -23.0347537994,
        "loudness_range": 13.4008674622,
        "momentary": {
            "dmean": 0.818692743778,
            "dmean2": 1.05873179436,
            "dvar": 0.852632522583,
            "dvar2": 1.39839947224,
            "max": -18.19556427,
            "mean": -28.3173694611,
            "median": -24.1621723175,
            "min": -104.467506409,
            "stdev": 11.8264808655,
            "var": 139.865646362
        },
        "short_term": {
            "dmean": 0.140174716711,
            "dmean2": 0.147424638271,
            "dvar": 0.028460977599,
            "dvar2": 0.0275371279567,
            "max": -19.2797145844,
            "mean": -27.1325435638,
            "median": -23.7058925629,
            "min": -87.1152954102,
            "stdev": 9.85074138641,
            "var": 97.037109375
        }
    },
    "melbands_crest": {
        "dmean": 3.50806069374,
        "dmean2": 5.34711408615,
        "dvar": 10.9702978134,
        "dvar2": 24.2291927338,
        "max": 34.3817634583,
        "mean": 14.4016485214,
        "median": 12.9947137833,
        "min": 1.73882520199,
        "stdev": 6.39187240601,
        "var": 40.8560333252
    },
    "melbands_flatness_db": {
        "dmean": 0.033322583884,
        "dmean2": 0.0473587475717,
        "dvar": 0.00154662667774,
        "dvar2": 0.00282437494025,
        "max": 0.632028698921,
        "mean": 0.216960355639,
        "median": 0.195799216628,
        "min": 0.0049249031581,
        "stdev": 0.0965946763754,
        "var": 0.00933053158224
    },
    "melbands_kurtosis": {
        "dmean": 11.7393779755,
        "dmean2": 18.4497184753,
        "dvar": 871.221313477,
        "dvar2": 2038.17260742,
        "max": 675.798706055,
        "mean": 17.8140182495,
        "median": 5.04177093506,
        "min": -1.93307590485,
        "stdev": 35.7249794006,
        "var": 1276.27416992
    },
    "melbands_skewness": {
        "dmean": 0.930721700191,
        "dmean2": 1.407091856,
        "dvar": 1.53642356396,
        "dvar2": 3.32962369919,
        "max": 16.397687912,
        "mean": 2.46128892899,
        "median": 1.87855756283,
        "min": -2.09667396545,
        "stdev": 2.30184793472,
        "var": 5.2985033989
    },
    "melbands_spread": {
        "dmean": 8.24047470093,
        "dmean2": 12.3240327835,
        "dvar": 163.675964355,
        "dvar2": 318.078155518,
        "max": 229.323059082,
        "mean": 23.1726799011,
        "median": 17.0871944427,
        "min": 0.262112140656,
        "stdev": 23.9546737671,
        "var": 573.826416016
    },
    "pitch_salience": {
        "dmean": 0.0806049928069,
        "dmean2": 0.126628115773,
        "dvar": 0.00664261449128,
        "dvar2": 0.0145011432469,
        "max": 0.881029844284,
        "mean": 0.521410405636,
        "median": 0.528953909874,
        "min": 0.0542305670679,
        "stdev": 0.137150272727,
        "var": 0.0188101958483
    },
    "silence_rate_20dB": {
        "dmean": 0,
        "dmean2": 0,
        "dvar": 0,
        "dvar2": 0,
        "max": 1,
        "mean": 1,
        "median": 1,
        "min": 1,
        "stdev": 0,
        "var": 0
    },
    "silence_rate_30dB": {
        "dmean": 0.0377019755542,
        "dmean2": 0.0754114687443,
        "dvar": 0.0362841635942,
        "dvar2": 0.0786958634853,
        "max": 1,
        "mean": 0.962102293968,
        "median": 1,
        "min": 0,
        "stdev": 0.190944999456,
        "var": 0.036459993571
    },
    "silence_rate_60dB": {
        "dmean": 0.0398962683976,
        "dmean2": 0.0798005014658,
        "dvar": 0.0383015573025,
        "dvar2": 0.0837981849909,
        "max": 1,
        "mean": 0.251820087433,
        "median": 0,
        "min": 0,
        "stdev": 0.434033662081,
        "var": 0.188385218382
    },
    "spectral_centroid": {
        "dmean": 272.649108887,
        "dmean2": 405.397979736,
        "dvar": 133211.234375,
        "dvar2": 254977.8125,
        "max": 11393.8378906,
        "mean": 1333.86315918,
        "median": 1180.08093262,
        "min": 129.255004883,
        "stdev": 858.875,
        "var": 737666.3125
    },
    "spectral_complexity": {
        "dmean": 3.52782773972,
        "dmean2": 5.29615974426,
        "dvar": 29.1224784851,
        "dvar2": 55.2733726501,
        "max": 60,
        "mean": 12.8630695343,
        "median": 9,
        "min": 0,
        "stdev": 10.947259903,
        "var": 119.842498779
    },
    "spectral_decrease": {
        "dmean": 2.65562327684e-09,
        "dmean2": 3.73475650406e-09,
        "dvar": 3.66147262982e-17,
        "dvar2": 7.34585882435e-17,
        "max": 5.73483691091e-11,
        "mean": -5.33847765993e-09,
        "median": -2.63354182906e-09,
        "min": -7.89554590597e-08,
        "stdev": 8.39524094687e-09,
        "var": 7.04800696764e-17
    },
    "spectral_energy": {
        "dmean": 0.010546897538,
        "dmean2": 0.0148339234293,
        "dvar": 0.000534406222869,
        "dvar2": 0.00107164704241,
        "max": 0.300099521875,
        "mean": 0.021748451516,
        "median": 0.011032438837,
        "min": 1.03048302787e-20,
        "stdev": 0.0327130481601,
        "var": 0.00107014353853
    },
    "spectral_energyband_high": {
        "dmean": 0.000534273858648,
        "dmean2": 0.000804272422101,
        "dvar": 1.7718144818e-06,
        "dvar2": 3.64936954611e-06,
        "max": 0.0292251855135,
        "mean": 0.000840015301947,
        "median": 0.00014510989422,
        "min": 7.41283883612e-21,
        "stdev": 0.00199959054589,
        "var": 3.99836198994e-06
    },
    "spectral_energyband_low": {
        "dmean": 0.00706255016848,
        "dmean2": 0.0102127883583,
        "dvar": 0.000550074095372,
        "dvar2": 0.0011457541259,
        "max": 0.291349738836,
        "mean": 0.00918561313301,
        "median": 0.000277503859252,
        "min": 3.08418707749e-23,
        "stdev": 0.0276730712503,
        "var": 0.000765798904467
    },
    "spectral_energyband_middle_high": {
        "dmean": 0.0028340970166,
        "dmean2": 0.00472296820953,
        "dvar": 5.17662883794e-05,
        "dvar2": 0.000138233415782,
        "max": 0.0871140882373,
        "mean": 0.00508296396583,
        "median": 0.00099983473774,
        "min": 1.32906315959e-21,
        "stdev": 0.00943095330149,
        "var": 8.89428774826e-05
    },
    "spectral_energyband_middle_low": {
        "dmean": 0.00296218157746,
        "dmean2": 0.0044359578751,
        "dvar": 2.77803919744e-05,
        "dvar2": 5.98113147134e-05,
        "max": 0.137189328671,
        "mean": 0.00713540427387,
        "median": 0.00442631496117,
        "min": 2.15415724136e-22,
        "stdev": 0.00865958631039,
        "var": 7.49884275137e-05
    },
    "spectral_entropy": {
        "dmean": 0.207890763879,
        "dmean2": 0.298217713833,
        "dvar": 0.0609071739018,
        "dvar2": 0.110681660473,
        "max": 9.81628322601,
        "mean": 7.34804487228,
        "median": 7.47059059143,
        "min": 5.00458097458,
        "stdev": 0.622590899467,
        "var": 0.387619405985
    },
    "spectral_flux": {
        "dmean": 0.0267825070769,
        "dmean2": 0.0413134507835,
        "dvar": 0.00166275689844,
        "dvar2": 0.00361414463259,
        "max": 0.488543689251,
        "mean": 0.0694411918521,
        "median": 0.0517183914781,
        "min": 6.633395222e-11,
        "stdev": 0.0659822523594,
        "var": 0.00435365783051
    },
    "spectral_kurtosis": {
        "dmean": 2.13101172447,
        "dmean2": 3.40707755089,
        "dvar": 8.09438323975,
        "dvar2": 20.4552936554,
        "max": 54.9036026001,
        "mean": 6.39388561249,
        "median": 4.49020433426,
        "min": -1.24678432941,
        "stdev": 6.03103923798,
        "var": 36.3734359741
    },
    "spectral_rms": {
        "dmean": 0.00085140200099,
        "dmean2": 0.00114267028403,
        "dvar": 1.7017709979e-06,
        "dvar2": 3.02305807054e-06,
        "max": 0.0171108152717,
        "mean": 0.00367776653729,
        "median": 0.00328075536527,
        "min": 3.17072431678e-12,
        "stdev": 0.00277344998904,
        "var": 7.6920250649e-06
    },
    "spectral_rolloff": {
        "dmean": 759.009399414,
        "dmean2": 1298.61523438,
        "dvar": 3505951.75,
        "dvar2": 8680290,
        "max": 19315.2832031,
        "mean": 1749.00927734,
        "median": 1248.92578125,
        "min": 64.599609375,
        "stdev": 2100.14404297,
        "var": 4410604.5
    },
    "spectral_skewness": {
        "dmean": 0.283372789621,
        "dmean2": 0.428446263075,
        "dvar": 0.0960459038615,
        "dvar2": 0.210081875324,
        "max": 6.06998109818,
        "mean": 1.81626951694,
        "median": 1.63569045067,
        "min": -0.2701215446,
        "stdev": 0.840351462364,
        "var": 0.70619058609
    },
    "spectral_spread": {
        "dmean": 692951.25,
        "dmean2": 1035366.25,
        "dvar": 1.15451573043e+12,
        "dvar2": 2.2994115625e+12,
        "max": 42989324,
        "mean": 4437442.5,
        "median": 4046581.75,
        "min": 1249774.125,
        "stdev": 2127702,
        "var": 4.52711573094e+12
    },
    "spectral_strongpeak": {
        "dmean": 0.446433693171,
        "dmean2": 0.747555494308,
        "dvar": 0.667822122574,
        "dvar2": 1.71699380875,
        "max": 17.0107460022,
        "mean": 0.873471140862,
        "median": 0.509676456451,
        "min": 0,
        "stdev": 1.2207171917,
        "var": 1.49015057087
    },
    "zerocrossingrate": {
        "dmean": 0.0152260372415,
        "dmean2": 0.0178562868387,
        "dvar": 0.000545573071577,
        "dvar2": 0.000744356599171,
        "max": 0.521484375,
        "mean": 0.0650625154376,
        "median": 0.05419921875,
        "min": 0.001953125,
        "stdev": 0.0491144172847,
        "var": 0.00241222605109
    },
    "barkbands": {
        "dmean": [0.000278300110949, 0.00637112185359, 0.000824562739581, 0.000526546849869, 0.00148386752699, 0.00042347429553, 0.000560484186281, 0.000364334584447, 0.000614834832959, 0.000718368391972, 0.000751046754885, 0.00036420224933, 0.000310204020934, 0.000473782944027, 0.000334184529493, 0.00025490790722, 0.000243185189902, 0.000292033248115, 0.000213728708331, 0.000170570914634, 0.000111680885311, 8.53833262227e-05, 7.52680061851e-05, 4.41829215561e-05, 3.84683116863e-05, 0.000124658603454, 5.90522686252e-05],
        "dmean2": [0.000395195267629, 0.00947340484709, 0.00136273319367, 0.000844529480673, 0.00220000627451, 0.000649738649372, 0.000883354339749, 0.000579502433538, 0.000974772905465, 0.00120937102474, 0.00128920259885, 0.000607272726484, 0.00054850790184, 0.000783768715337, 0.000561273132917, 0.000432541477494, 0.000404225400416, 0.00050377426669, 0.000359257304808, 0.000265796261374, 0.000172004467458, 0.00012735024211, 0.000108562868263, 6.4499938162e-05, 5.99937302468e-05, 0.000210976519156, 0.00010272970394],
        "dvar": [8.57305394675e-07, 0.000516716274433, 6.8442632255e-06, 3.05746561935e-06, 1.40094216476e-05, 1.21566733924e-06, 1.33110052047e-06, 9.84992993835e-07, 2.70896589427e-06, 3.94931748815e-06, 5.38868425792e-06, 1.37371046094e-06, 1.46234833664e-06, 2.10647021959e-06, 9.9788303487e-07, 5.51539812932e-07, 4.72980900668e-07, 8.33890112517e-07, 7.74200884734e-07, 2.49809090747e-07, 9.76307248379e-08, 1.35592586048e-07, 7.86712917034e-08, 2.02513437131e-08, 1.09414228788e-08, 1.97393703161e-07, 5.24371479571e-08],
        "dvar2": [1.78512959792e-06, 0.00111274665687, 1.8599890609e-05, 7.49481432649e-06, 2.8702781492e-05, 2.53682242146e-06, 3.30990837938e-06, 2.37734889197e-06, 6.67384347253e-06, 1.02677131508e-05, 1.46237116496e-05, 3.4113518268e-06, 4.05364335165e-06, 5.36562038178e-06, 2.58849331658e-06, 1.39394035159e-06, 1.1783138234e-06, 2.27748364523e-06, 2.10310827242e-06, 5.8762742583e-07, 2.17442192252e-07, 2.8116625117e-07, 1.49589141074e-07, 3.82662967979e-08, 2.5862696873e-08, 5.03093644966e-07, 1.37406772183e-07],
        "max": [0.0162233971059, 0.282584249973, 0.0494345128536, 0.0547148063779, 0.127523168921, 0.0304205361754, 0.0264816004783, 0.0316873155534, 0.0491456799209, 0.0436009950936, 0.046927202493, 0.0293583460152, 0.0263333618641, 0.0379521846771, 0.0292047988623, 0.0147313568741, 0.015720942989, 0.0130478488281, 0.0146773457527, 0.0102078290656, 0.00976208690554, 0.0150004234165, 0.0113305468112, 0.00553337624297, 0.00156625313684, 0.0059414440766, 0.00291632348672],
        "mean": [0.00038193090586, 0.00731091620401, 0.00112756015733, 0.000796319043729, 0.00286449212581, 0.000755322515033, 0.000982547877356, 0.000577980244998, 0.000966369581874, 0.00100796646439, 0.000914647651371, 0.000448595004855, 0.000322726176819, 0.000717265182175, 0.000415710936068, 0.00029733745032, 0.000296862388495, 0.000337658508215, 0.000254249374848, 0.00026117512607, 0.000175331253558, 0.000147191414726, 0.000136723509058, 7.38926100894e-05, 4.58884169348e-05, 9.20536840567e-05, 3.97127769247e-05],
        "median": [5.53055951968e-06, 8.25783281471e-05, 6.28024354228e-05, 0.000102404679637, 0.000623625412118, 0.000241818401264, 0.000412305642385, 0.000137344817631, 0.0001768587681, 0.000106630781374, 7.63124990044e-05, 6.9285139034e-05, 3.26236222463e-05, 3.70615452994e-05, 4.5943314035e-05, 3.3578446164e-05, 3.76759962819e-05, 5.0640101108e-05, 3.44804248016e-05, 3.56938362529e-05, 2.40717217821e-05, 2.22505786951e-05, 1.99210753635e-05, 1.20387667266e-05, 7.2885895861e-06, 2.21616915042e-06, 6.55650964632e-08],
        "min": [6.94511218108e-25, 5.64623485266e-24, 6.9996052133e-25, 1.54429895718e-24, 1.98602485539e-23, 1.2571710215e-23, 2.49834331276e-23, 1.84320458617e-23, 1.45901307479e-23, 2.60226011758e-23, 3.50365818405e-23, 2.66477592437e-23, 3.12361087455e-23, 3.52055968671e-23, 4.07960931748e-23, 1.08162561494e-22, 6.74898587865e-23, 1.37222871956e-22, 1.88321696812e-22, 2.64578924145e-22, 3.46890539018e-22, 3.33987526156e-22, 4.46015947847e-22, 5.15351495027e-22, 9.73213735534e-22, 1.44141583467e-21, 2.07980650782e-21],
        "stdev": [0.00118482788093, 0.0251135192811, 0.00296419579536, 0.00259219575673, 0.00606673397124, 0.00175889953971, 0.00153558235615, 0.00128747010604, 0.00217196554877, 0.00276701594703, 0.00271815690212, 0.00150127499364, 0.00121879577637, 0.00215263827704, 0.00114209763706, 0.000824477989227, 0.000847861578222, 0.000850576383527, 0.000809396791738, 0.000618659250904, 0.000480483868159, 0.000585662608501, 0.000509635545313, 0.00025425766944, 0.00011968628678, 0.000386073807022, 0.000191883300431],
        "var": [1.40381723668e-06, 0.000630688853562, 8.78645641933e-06, 6.71947918818e-06, 3.68052606063e-05, 3.09372762786e-06, 2.35801326198e-06, 1.65757921877e-06, 4.71743442176e-06, 7.65637742006e-06, 7.38837661629e-06, 2.25382655117e-06, 1.48546325818e-06, 4.63385140392e-06, 1.30438706947e-06, 6.79763957123e-07, 7.18869216598e-07, 7.23480184206e-07, 6.55123130855e-07, 3.82739244742e-07, 2.30864756645e-07, 3.43000721159e-07, 2.59728409446e-07, 6.46469686671e-08, 1.43248080064e-08, 1.49052979737e-07, 3.68192019096e-08]
    },
    "erbbands": {
        "dmean": [0.214921504259, 1.3588629961, 1.30611824989, 1.14026474953, 3.62962675095, 5.67762756348, 3.82024741173, 3.40757513046, 6.18188667297, 9.2707901001, 9.79131603241, 12.9494895935, 18.8910751343, 26.8029689789, 21.1708106995, 13.6209945679, 13.2862577438, 18.1426544189, 20.7235298157, 17.716753006, 12.0187892914, 13.8148565292, 15.779053688, 12.5934247971, 9.64410686493, 7.83543729782, 6.13409137726, 3.19029593468, 3.13836836815, 2.56140685081, 2.10222911835, 1.04410886765, 0.728124380112, 0.386324375868, 0.30040627718, 0.295288354158, 0.258057594299, 0.119961731136, 0.00787589605898, 0.000126472921693],
        "dmean2": [0.316161513329, 2.08542180061, 2.09783220291, 1.81437635422, 5.51138591766, 8.4578371048, 5.71868515015, 5.33825778961, 9.81023406982, 14.6573314667, 15.0858888626, 20.9784812927, 31.5656318665, 46.3124046326, 36.1709785461, 22.6379108429, 23.0691356659, 30.5836009979, 33.9042892456, 29.7500629425, 20.0946273804, 23.1268100739, 27.2482147217, 21.2291660309, 15.9004678726, 12.1733217239, 9.64362621307, 4.80969190598, 4.65287446976, 3.76748371124, 3.03465938568, 1.50330793858, 1.10180771351, 0.587992548943, 0.478165566921, 0.492797732353, 0.436853379011, 0.206810534, 0.0137459319085, 0.000214873522054],
        "dvar": [0.6021925807, 25.0824985504, 19.567949295, 11.6410675049, 91.1626663208, 254.909439087, 173.972808838, 82.0165557861, 234.548248291, 368.946868896, 694.852905273, 1511.77124023, 2471.22802734, 6024.76904297, 4155.01855469, 2100.79052734, 2471.96435547, 3383.07885742, 3753.41723633, 2434.33569336, 1378.58947754, 1530.41333008, 2543.26586914, 2319.99536133, 1665.62109375, 457.719818115, 308.017669678, 100.0809021, 200.821258545, 84.9452819824, 71.6447372437, 13.7906332016, 4.97849225998, 1.00068974495, 0.798780858517, 1.0620663166, 0.878535032272, 0.199358046055, 0.000946678395849, 1.97988512696e-07],
        "dvar2": [1.33912086487, 55.3014526367, 50.2928886414, 28.1350631714, 203.350234985, 528.263244629, 294.341766357, 180.309555054, 584.337646484, 914.876586914, 1615.74597168, 3769.53027344, 6209.17333984, 16479.8046875, 11126.3173828, 5177.26708984, 6794.76269531, 8701.51464844, 9353.70214844, 6323.82617188, 3489.36425781, 3862.69897461, 6927.89208984, 6381.06835938, 4426.18603516, 1061.82214355, 691.389831543, 229.295333862, 409.62701416, 157.668960571, 134.759689331, 25.2603092194, 10.6769227982, 2.20662403107, 1.94979000092, 2.6702375412, 2.25939035416, 0.517702877522, 0.00247636507265, 5.13636393862e-07],
        "max": [9.59366607666, 65.6296539307, 82.0435791016, 102.893577576, 208.064651489, 609.341064453, 800.642272949, 283.192749023, 440.028625488, 664.88293457, 981.413696289, 1486.97229004, 1290.23376465, 1649.03479004, 1320.73925781, 1257.50744629, 1106.38317871, 1708.0567627, 1468.84741211, 1540.72937012, 1015.84735107, 1044.84912109, 692.738098145, 719.777709961, 799.704101562, 545.003295898, 566.637023926, 354.498321533, 710.015258789, 404.423065186, 362.518280029, 134.960647583, 81.4006576538, 25.2194385529, 10.0769557953, 12.6993074417, 15.6057901382, 5.18392801285, 0.333229333162, 0.00475931866094],
        "mean": [0.242000937462, 1.49140262604, 1.71700060368, 2.02456569672, 6.13562297821, 11.0313796997, 7.22546005249, 5.91953468323, 10.7572164536, 15.3062744141, 17.967748642, 18.9008464813, 28.0755500793, 35.9926490784, 25.3108444214, 17.7266674042, 15.3175802231, 25.8484020233, 31.3447628021, 23.0020198822, 15.610833168, 17.5440425873, 18.401216507, 15.2104225159, 11.9524383545, 12.6263656616, 9.67923927307, 5.16563987732, 5.32895946503, 4.73498916626, 3.72303152084, 1.78297305107, 1.14950358868, 0.551010608673, 0.308566272259, 0.240204066038, 0.186295554042, 0.0829271674156, 0.00530313281342, 0.000106193110696],
        "median": [0.00166637008078, 0.0216586887836, 0.0899149551988, 0.329789966345, 1.32822227478, 2.01228451729, 1.86126065254, 2.28887724876, 4.19887399673, 5.94866943359, 4.09881782532, 3.66928768158, 3.86421728134, 4.03577566147, 3.04198002815, 2.80023384094, 1.87285518646, 1.80218315125, 2.62033653259, 2.77296972275, 2.03940486908, 2.42242741585, 2.83410263062, 2.49805855751, 1.73346996307, 1.67069780827, 1.24023795128, 0.877551794052, 0.811863303185, 0.670092403889, 0.532238602638, 0.277283608913, 0.192842766643, 0.106124512851, 0.0337404794991, 0.0115780308843, 0.0036271023564, 0.000562007946428, 2.43922495429e-05, 1.62977266882e-05],
        "min": [1.86689966429e-22, 8.12787346777e-22, 1.23453788269e-21, 9.54496552743e-21, 4.86047935203e-20, 5.58854724821e-20, 1.16133973729e-19, 1.05689584187e-19, 2.49481188264e-19, 4.14356327223e-19, 5.55986967186e-19, 5.37083667141e-19, 9.07242390066e-19, 1.50887483781e-18, 1.89857740877e-18, 1.43613515969e-18, 1.8067549841e-18, 1.91862578528e-18, 2.48793490982e-18, 3.86556472215e-18, 5.36343412871e-18, 3.72162454222e-18, 7.64741297605e-18, 9.62531183568e-18, 1.2255184528e-17, 1.15116773703e-17, 1.08424361423e-17, 1.3112562196e-17, 1.22899525835e-17, 1.26690742736e-17, 1.05712135457e-17, 9.66814159344e-18, 9.82506850899e-18, 8.38486351729e-18, 7.7643448818e-18, 4.88575428216e-18, 2.48499821185e-18, 1.03402973923e-18, 2.55632387642e-19, 3.04909275103e-20],
        "stdev": [0.845885872841, 5.29731750488, 4.71258306503, 5.65752792358, 13.0382728577, 26.4242649078, 22.8895587921, 12.8456554413, 18.6465511322, 25.6187534332, 38.7616462708, 45.5550689697, 72.5103683472, 93.3022460938, 71.0049438477, 59.2719726562, 52.6007804871, 76.9330749512, 86.3346557617, 56.7340621948, 45.1837501526, 46.9776420593, 47.0569725037, 43.2487716675, 38.2132949829, 29.3416652679, 26.3835735321, 14.3406820297, 22.1736965179, 16.7859077454, 14.9667215347, 6.66221237183, 3.66262030602, 1.45069718361, 0.888945579529, 0.915433466434, 0.806932508945, 0.378578782082, 0.0258055906743, 0.000382169819204],
        "var": [0.715522885323, 28.0615749359, 22.2084369659, 32.0076217651, 169.996551514, 698.241821289, 523.931884766, 165.010864258, 347.693847656, 656.320556641, 1502.46533203, 2075.26416016, 5257.75341797, 8705.30859375, 5041.70214844, 3513.16674805, 2766.84204102, 5918.69824219, 7453.67285156, 3218.75366211, 2041.57141113, 2206.89868164, 2214.35864258, 1870.45617676, 1460.25598145, 860.933349609, 696.092956543, 205.655166626, 491.672821045, 281.766693115, 224.002746582, 44.3850708008, 13.4147882462, 2.10452222824, 0.790224194527, 0.838018417358, 0.651140093803, 0.143321886659, 0.000665928528178, 1.46053778849e-07]
    },
    "gfcc": {
        "mean": [-88.859992981, 82.6411132812, -121.032600403, 13.5308666229, -69.2264633179, 5.44318628311, -34.5476913452, 6.90545988083, -24.4584522247, 1.14600634575, -17.236907959, 0.988271832466, -11.0680713654],
        "cov": [[27647.2460938, -1108.96789551, -135.401428223, 2831.27050781, 308.538848877, 188.157409668, -971.826721191, 470.126831055, 168.685379028, -301.680145264, -339.804901123, -204.89491272, -30.9774303436], [-1108.96789551, 1570.92773438, 298.945251465, 53.6905555725, 259.366210938, 92.3043365479, 144.254348755, -20.4304504395, 76.1538314819, -66.468170166, 121.070030212, -117.377593994, 42.8715782166], [-135.401428223, 298.945251465, 1732.796875, 483.03112793, 434.399475098, 139.639099121, 40.1322364807, 115.660545349, 25.133808136, 9.03489398956, 3.88264417648, 36.9081420898, -38.2800445557], [2831.27050781, 53.6905555725, 483.03112793, 1454.84265137, 298.326812744, 146.864654541, -214.116439819, 174.238449097, 214.657363892, -121.1459198, 9.17599201202, -116.375297546, 44.0669059753], [308.538848877, 259.366210938, 434.399475098, 298.326812744, 615.026550293, 133.362609863, 134.8724823, 157.056152344, 113.860038757, 45.6669998169, -7.52933835983, 11.1708860397, -4.91173601151], [188.157409668, 92.3043365479, 139.639099121, 146.864654541, 133.362609863, 303.41494751, 144.460235596, 74.2685241699, 84.9441604614, 44.265827179, 29.2473812103, -20.071937561, 1.97383499146], [-971.826721191, 144.254348755, 40.1322364807, -214.116439819, 134.8724823, 144.460235596, 421.296417236, 88.6981201172, 33.5441589355, 105.997634888, 58.0457611084, 55.2774238586, -17.1479759216], [470.126831055, -20.4304504395, 115.660545349, 174.238449097, 157.056152344, 74.2685241699, 88.6981201172, 216.611480713, 103.974639893, 49.9206619263, 11.5228643417, 19.5045089722, -3.67378759384], [168.685379028, 76.1538314819, 25.133808136, 214.657363892, 113.860038757, 84.9441604614, 33.5441589355, 103.974639893, 232.98324585, 47.7706108093, 18.8269271851, -23.4296016693, 13.6420373917], [-301.680145264, -66.468170166, 9.03489398956, -121.1459198, 45.6669998169, 44.265827179, 105.997634888, 49.9206619263, 47.7706108093, 171.628387451, 34.7719841003, 36.5771102905, -11.9791507721], [-339.804901123, 121.070030212, 3.88264417648, 9.17599201202, -7.52933835983, 29.2473812103, 58.0457611084, 11.5228643417, 18.8269271851, 34.7719841003, 132.409927368, 23.317325592, 6.49025964737], [-204.89491272, -117.377593994, 36.9081420898, -116.375297546, 11.1708860397, -20.071937561, 55.2774238586, 19.5045089722, -23.4296016693, 36.5771102905, 23.317325592, 125.785392761, 9.72281646729], [-30.9774303436, 42.8715782166, -38.2800445557, 44.0669059753, -4.91173601151, 1.97383499146, -17.1479759216, -3.67378759384, 13.6420373917, -11.9791507721, 6.49025964737, 9.72281646729, 99.1596450806]],
        "icov": [[5.4103169532e-05, 3.20827120959e-06, 4.67659410788e-05, -0.00011197393178, -3.93983555114e-07, -6.34489406366e-05, 0.000103035679786, -0.000113261201477, 0.000102979545773, -3.38429963449e-05, 0.000122621291666, -6.37523771729e-05, 7.81647249823e-05], [3.20827120959e-06, 0.00107573054265, -0.000202747280127, 0.000295199803077, -0.000542532361578, 0.000163592005265, -0.000383102043997, 0.00036945627653, -0.000394615024561, 0.000888006936293, -0.00132887868676, 0.00149217864964, -0.000654004863463], [4.67659410788e-05, -0.000202747280127, 0.000868247298058, -0.000399838550948, -0.000369336426957, -0.000292004289804, 0.000238308261032, -0.000123002071632, 0.000530894903932, -0.000278350635199, 0.000361868558684, -0.000769580248743, 0.000584419758525], [-0.00011197393178, 0.000295199803077, -0.000399838550948, 0.00173341389745, -0.000508916040417, -0.000320707302308, 0.000670166278724, -0.000580840744078, -0.00103949673939, 0.00134967616759, -0.00126763654407, 0.00131066364702, -0.000751234241761], [-3.93983555114e-07, -0.000542532361578, -0.000369336426957, -0.000508916040417, 0.00291394162923, -0.000229156590649, -0.000576152757276, -0.000974715978373, -0.000228009812417, -0.000643925683107, 0.00144199165516, -0.000904499378521, 0.000279059575405], [-6.34489406366e-05, 0.000163592005265, -0.000292004289804, -0.000320707302308, -0.000229156590649, 0.00506364041939, -0.00204952829517, 0.000225037554628, -0.000916234101169, -0.000311663286993, -0.000577270635404, 0.00160190660972, -0.000549878226593], [0.000103035679786, -0.000383102043997, 0.000238308261032, 0.000670166278724, -0.000576152757276, -0.00204952829517, 0.00478601595387, -0.00163814274129, 0.00055706105195, -0.00100694852881, -0.000593761214986, -0.00131529255304, 0.000740767689422], [-0.000113261201477, 0.00036945627653, -0.000123002071632, -0.000580840744078, -0.000974715978373, 0.000225037554628, -0.00163814274129, 0.00819149892777, -0.00250500184484, -0.000684630300384, 2.23942952289e-05, -0.00106742046773, 0.000348084198777], [0.000102979545773, -0.000394615024561, 0.000530894903932, -0.00103949673939, -0.000228009812417, -0.000916234101169, 0.00055706105195, -0.00250500184484, 0.00728277303278, -0.00233020191081, 0.000319906859659, 0.000712694774847, -0.000494105101097], [-3.38429963449e-05, 0.000888006936293, -0.000278350635199, 0.00134967616759, -0.000643925683107, -0.000311663286993, -0.00100694852881, -0.000684630300384, -0.00233020191081, 0.00935165584087, -0.00258338241838, -3.7374724343e-05, 0.000296127604088], [0.000122621291666, -0.00132887868676, 0.000361868558684, -0.00126763654407, 0.00144199165516, -0.000577270635404, -0.000593761214986, 2.23942952289e-05, 0.000319906859659, -0.00258338241838, 0.0108530391008, -0.00352762732655, 0.000576382619329], [-6.37523771729e-05, 0.00149217864964, -0.000769580248743, 0.00131066364702, -0.000904499378521, 0.00160190660972, -0.00131529255304, -0.00106742046773, 0.000712694774847, -3.7374724343e-05, -0.00352762732655, 0.0127870477736, -0.0030137791764], [7.81647249823e-05, -0.000654004863463, 0.000584419758525, -0.000751234241761, 0.000279059575405, -0.000549878226593, 0.000740767689422, 0.000348084198777, -0.000494105101097, 0.000296127604088, 0.000576382619329, -0.0030137791764, 0.0114786894992]]
    },
    "melbands": {
        "dmean": [0.00186176912393, 0.000983744626865, 0.000256890110904, 0.00034454301931, 0.000155090470798, 7.95395390014e-05, 9.73648857325e-05, 9.51265028561e-05, 8.95957055036e-05, 8.11845966382e-05, 9.88823449006e-05, 0.000111376335553, 8.90786977834e-05, 3.93686168536e-05, 3.47956483893e-05, 3.29837166646e-05, 3.57996577804e-05, 3.92298061342e-05, 2.72657871392e-05, 1.98533052753e-05, 1.40816418934e-05, 1.52175771291e-05, 1.37870001709e-05, 1.49856368807e-05, 1.0184077837e-05, 7.80933260103e-06, 6.77150910633e-06, 5.13827944815e-06, 4.47715547125e-06, 2.52972813541e-06, 1.81284906375e-06, 1.9011445147e-06, 1.75400680291e-06, 1.47833543451e-06, 1.34715151034e-06, 9.24799394397e-07, 5.81302856517e-07, 5.31991645403e-07, 4.77191292703e-07, 2.8983143352e-07],
        "dmean2": [0.00274074729532, 0.00150271784514, 0.000401150435209, 0.00051565625472, 0.000230456324061, 0.000123931778944, 0.000154634515638, 0.000149877800141, 0.000137446128065, 0.000132577944896, 0.000165188277606, 0.000191654675291, 0.000152278575115, 6.72985697747e-05, 5.8260611695e-05, 5.81171989325e-05, 6.04480046604e-05, 6.44725587335e-05, 4.5929231419e-05, 3.34963879141e-05, 2.36002706515e-05, 2.53747439274e-05, 2.38236716541e-05, 2.57794526988e-05, 1.7261467292e-05, 1.29709223984e-05, 1.10754845082e-05, 7.99598092271e-06, 7.11521670382e-06, 3.9513597585e-06, 2.8064162052e-06, 2.87460784421e-06, 2.65943594968e-06, 2.21620439333e-06, 1.98373186322e-06, 1.37331232963e-06, 8.56112194469e-07, 8.13280678358e-07, 7.43591215269e-07, 4.44786792286e-07],
        "dvar": [4.42001837655e-05, 1.15549528346e-05, 4.71335226848e-07, 6.89736452841e-07, 2.85299819325e-07, 4.09323561712e-08, 5.0202753954e-08, 3.91832628566e-08, 5.68717872795e-08, 5.99755836106e-08, 6.99586664155e-08, 9.77049339212e-08, 7.16219403785e-08, 1.93189730879e-08, 1.63075313253e-08, 1.83755268779e-08, 1.28686235001e-08, 1.58216550972e-08, 7.80613884643e-09, 3.20570592294e-09, 2.43562170432e-09, 1.94231541961e-09, 1.75260883584e-09, 2.42905628944e-09, 1.56408319629e-09, 9.38850663879e-10, 6.95562607511e-10, 2.10234635256e-10, 1.65615604564e-10, 5.89914644911e-11, 3.99015230579e-11, 7.41932001946e-11, 6.60436774713e-11, 2.6365430672e-11, 3.30106879332e-11, 1.06056751922e-11, 4.86627448407e-12, 2.78773488668e-12, 1.855727811e-12, 5.60154028197e-13],
        "dvar2": [9.61652331171e-05, 2.61528566625e-05, 1.12379257189e-06, 1.4988871726e-06, 4.95685526403e-07, 8.93570515359e-08, 1.24992240558e-07, 9.75393064095e-08, 1.30236685436e-07, 1.50099737084e-07, 1.76301483634e-07, 2.66106070512e-07, 1.91753983358e-07, 5.10573201495e-08, 4.12652916282e-08, 5.12007289899e-08, 3.249309799e-08, 3.96836270511e-08, 2.04909404999e-08, 8.02012678491e-09, 6.09291284093e-09, 4.77406914001e-09, 4.74290740016e-09, 6.6052638914e-09, 4.31082503027e-09, 2.49928699958e-09, 1.80568604513e-09, 4.84142337331e-10, 3.92497173651e-10, 1.31827382344e-10, 9.64668275816e-11, 1.59678062439e-10, 1.47340431522e-10, 5.25699796194e-11, 6.25310636604e-11, 2.12887832363e-11, 1.0110275464e-11, 6.07073202472e-12, 4.35734131068e-12, 1.2746992047e-12],
        "max": [0.0825563296676, 0.0458832681179, 0.0184067972004, 0.0209207572043, 0.0318894721568, 0.00574840186164, 0.00614731851965, 0.00699867913499, 0.00824473891407, 0.00877869967371, 0.00664939591661, 0.0062075285241, 0.00517215160653, 0.00308518740349, 0.00396311841905, 0.0026686496567, 0.00315345148556, 0.00312088080682, 0.00296681048349, 0.00134317402262, 0.00154680921696, 0.00139925070107, 0.000743631797377, 0.00101082958281, 0.000619777594693, 0.000501379719935, 0.000575889949687, 0.00045803032117, 0.000326999201206, 0.000319309387123, 0.000219660389121, 0.00045290478738, 0.000364277366316, 0.00020452150784, 0.000223213777645, 0.000133599518449, 9.5328745374e-05, 6.43091043457e-05, 3.46843589796e-05, 2.11106562347e-05],
        "mean": [0.00212594703771, 0.00123509962577, 0.000453393731732, 0.000653650378808, 0.000299405597616, 0.000140912175993, 0.000171992069227, 0.000155092377099, 0.000163360629813, 0.000114200243843, 0.000145077094203, 0.000150282605318, 0.000108867956442, 4.34112225776e-05, 4.48965474789e-05, 3.46374326909e-05, 5.09718847752e-05, 5.83876935707e-05, 3.38071768056e-05, 2.38649554376e-05, 1.73039534275e-05, 1.90988230315e-05, 1.45968087963e-05, 1.74142714968e-05, 1.17718154797e-05, 9.1261263151e-06, 8.60274576553e-06, 8.12758298707e-06, 6.69139353704e-06, 3.76279626835e-06, 2.72643137578e-06, 3.01062163999e-06, 2.85417695522e-06, 2.6220111522e-06, 2.35877996602e-06, 1.45935075579e-06, 9.35758293963e-07, 8.14096381418e-07, 6.8164700906e-07, 3.88100744431e-07],
        "median": [1.95990105567e-05, 4.51030391559e-05, 9.95020818664e-05, 0.000142246266478, 7.06532082404e-05, 5.56544509891e-05, 7.30028768885e-05, 5.5207288824e-05, 3.15157412842e-05, 2.15091604332e-05, 1.84583477676e-05, 1.65888795891e-05, 1.00274628494e-05, 6.51503387417e-06, 5.86566557104e-06, 2.67898531092e-06, 3.14402655022e-06, 3.54823282578e-06, 3.7014526697e-06, 2.59173202721e-06, 1.82727944775e-06, 2.26436009143e-06, 2.04949287763e-06, 2.54379642683e-06, 1.81140671884e-06, 1.22145343084e-06, 1.1006012528e-06, 9.82300207397e-07, 7.98524695256e-07, 4.77945661714e-07, 4.48862806479e-07, 4.42149513447e-07, 3.65716942952e-07, 3.44980321643e-07, 3.06751019252e-07, 2.0913211074e-07, 1.36323322408e-07, 1.25164660858e-07, 1.17718776949e-07, 6.98009259281e-08],
        "min": [1.5658104052e-24, 9.91482885563e-25, 2.88418906546e-24, 3.3743824988e-24, 4.4599071692e-24, 2.22980389824e-24, 5.35547965565e-24, 4.14930186524e-24, 4.69584244975e-24, 2.56161279726e-24, 4.20981735743e-24, 6.28020646901e-24, 6.56645174822e-24, 3.01005024516e-24, 4.87791233553e-24, 2.74659870738e-24, 3.30056148693e-24, 3.40505419965e-24, 3.15828529508e-24, 5.80478603384e-24, 4.73691370392e-24, 3.61630405032e-24, 4.18223010272e-24, 6.59386505911e-24, 6.29720997139e-24, 8.14815533408e-24, 5.61979262954e-24, 6.59646987782e-24, 6.93060138055e-24, 7.47916342113e-24, 7.37792969002e-24, 7.08896362955e-24, 6.33412629518e-24, 7.23400359559e-24, 7.01817598508e-24, 3.54991469983e-24, 5.25048897449e-24, 5.83989034413e-24, 7.03254903078e-24, 6.28283258697e-24],
        "stdev": [0.0073358216323, 0.00371729559265, 0.0010287713958, 0.00130913755856, 0.000910751114134, 0.000295185222058, 0.000279668485746, 0.000263202353381, 0.000368653709302, 0.000276987848338, 0.000386721774703, 0.000382824451663, 0.0003102030023, 0.000154753390234, 0.000164137687534, 0.000138561139465, 0.000154785389896, 0.000178987334948, 9.99566182145e-05, 6.4402607677e-05, 6.15367753198e-05, 5.67299612158e-05, 3.81070567528e-05, 4.71868515888e-05, 3.52969655069e-05, 2.92199620162e-05, 2.59302723862e-05, 1.9900569896e-05, 1.79326780199e-05, 1.16774854177e-05, 8.50625929161e-06, 1.2750058886e-05, 1.21898174257e-05, 9.04603621166e-06, 1.01411760625e-05, 5.36949528396e-06, 3.61812544725e-06, 2.68403164227e-06, 1.98728866962e-06, 1.00842612483e-06],
        "var": [5.38142812729e-05, 1.38182867886e-05, 1.05837057163e-06, 1.71384124314e-06, 8.29467637686e-07, 8.7134317539e-08, 7.82144553568e-08, 6.92754724696e-08, 1.35905565912e-07, 7.67222658737e-08, 1.49553741835e-07, 1.46554569369e-07, 9.62259107951e-08, 2.3948610206e-08, 2.69411781773e-08, 1.91991897935e-08, 2.39585169481e-08, 3.20364677009e-08, 9.9913251006e-09, 4.14769552037e-09, 3.78677444957e-09, 3.21828830252e-09, 1.45214784641e-09, 2.2265991273e-09, 1.24587573591e-09, 8.53806192413e-10, 6.72378985822e-10, 3.96032651118e-10, 3.21580928553e-10, 1.36363656478e-10, 7.23564402838e-11, 1.62563990047e-10, 1.48591638993e-10, 8.18307782646e-11, 1.02843455974e-10, 2.8831478871e-11, 1.30908322377e-11, 7.20402600421e-12, 3.94931656822e-12, 1.01692330771e-12]
    },
    "melbands128": {
