{
"lowlevel": {
    "average_loudness": 0.738373219967,
    "barkbands_crest": {
        "dmean": 3.032310009,
        "dmean2": 4.75409317017,
        "dvar": 9.45325279236,
        "dvar2": 20.456577301,
        "max": 26.4191761017,
        "mean": 11.4617738724,
        "median": 10.2318410873,
        "min": 2.49606847763,
        "var": 29.2589969635
    },
    "barkbands_flatness_db": {
        "dmean": 0.0282655302435,
        "dmean2": 0.0408945083618,
        "dvar": 0.00101830833592,
        "dvar2": 0.00192483875435,
        "max": 0.48723512888,
        "mean": 0.158608347178,
        "median": 0.139828711748,
        "min": 0.0171823184937,
        "var": 0.00561111653224
    },
    "barkbands_kurtosis": {
        "dmean": 7.43993186951,
        "dmean2": 11.7914934158,
        "dvar": 740.569824219,
        "dvar2": 1853.24633789,
        "max": 1104.03527832,
        "mean": 9.34584999084,
        "median": 2.09610748291,
        "min": -1.93788170815,
        "var": 774.866455078
    },
    "barkbands_skewness": {
        "dmean": 0.838510036469,
        "dmean2": 1.25172388554,
        "dvar": 1.48206758499,
        "dvar2": 3.14700865746,
        "max": 25.9563560486,
        "mean": 1.67626905441,
        "median": 1.16950631142,
        "min": -4.36657142639,
        "var": 3.97162890434
    },
    "barkbands_spread": {
        "dmean": 7.25067234039,
        "dmean2": 11.1261949539,
        "dvar": 130.211105347,
        "dvar2": 288.622680664,
        "max": 121.310188293,
        "mean": 19.4120140076,
        "median": 15.372549057,
        "min": 0.150208756328,
        "var": 283.837982178
    },
    "dissonance": {
        "dmean": 0.025871662423,
        "dmean2": 0.0437553152442,
        "dvar": 0.000719383475371,
        "dvar2": 0.00202246126719,
        "max": 0.5,
        "mean": 0.449546337128,
        "median": 0.460644751787,
        "min": 0.193295627832,
        "var": 0.00179059407674
    },
    "dynamic_complexity": 6.61670446396,
    "erbbands_crest": {
        "dmean": 2.76203799248,
        "dmean2": 4.45875263214,
        "dvar": 6.57743453979,
        "dvar2": 16.0808181763,
        "max": 29.5077075958,
        "mean": 9.89395809174,
        "median": 8.98553276062,
        "min": 2.07719159126,
        "var": 18.8047733307
    },
    "erbbands_flatness_db": {
        "dmean": 0.0217956956476,
        "dmean2": 0.0315992161632,
        "dvar": 0.000496401917189,
        "dvar2": 0.000981364399195,
        "max": 0.420343101025,
        "mean": 0.181798636913,
        "median": 0.17327901721,
        "min": 0.0261710546911,
        "var": 0.0041395528242
    },
    "erbbands_kurtosis": {
        "dmean": 1.57438623905,
        "dmean2": 2.46290898323,
        "dvar": 7.41916036606,
        "dvar2": 15.743689537,
        "max": 80.0302963257,
        "mean": 1.71696066856,
        "median": 0.399511575699,
        "min": -1.86136031151,
        "var": 20.2070121765
    },
    "erbbands_skewness": {
        "dmean": 0.483560651541,
        "dmean2": 0.732532799244,
        "dvar": 0.24468742311,
        "dvar2": 0.51947414875,
        "max": 8.31569385529,
        "mean": 0.472036480904,
        "median": 0.433257043362,
        "min": -5.5227804184,
        "var": 1.07217872143
    },
    "erbbands_spread": {
        "dmean": 9.09163665771,
        "dmean2": 14.0024719238,
        "dvar": 149.231521606,
        "dvar2": 346.190429688,
        "max": 161.591308594,
        "mean": 33.2594604492,
        "median": 28.5968894958,
        "min": 1.8569419384,
        "var": 459.070922852
    },
    "hfc": {
        "dmean": 9.78830623627,
        "dmean2": 15.2900543213,
        "dvar": 480.438903809,
        "dvar2": 1165.81689453,
        "max": 266.992645264,
        "mean": 17.7627010345,
        "median": 6.61138439178,
        "min": 1.08031951904e-16,
        "var": 729.177246094
    },
    "melbands_crest": {
        "dmean": 3.54467129707,
        "dmean2": 5.40300941467,
        "dvar": 11.2280912399,
        "dvar2": 25.0705604553,
        "max": 34.1509170532,
        "mean": 14.6340770721,
        "median": 13.1515188217,
        "min": 1.76776444912,
        "var": 43.442073822
    },
    "melbands_flatness_db": {
        "dmean": 0.0334151275456,
        "dmean2": 0.0475098825991,
        "dvar": 0.00156332086772,
        "dvar2": 0.0028627035208,
        "max": 0.636659860611,
        "mean": 0.218182057142,
        "median": 0.196957841516,
        "min": 0.00408415822312,
        "var": 0.00938418414444
    },
    "melbands_kurtosis": {
        "dmean": 11.7516040802,
        "dmean2": 18.4650554657,
        "dvar": 845.76171875,
        "dvar2": 1972.95275879,
        "max": 630.099365234,
        "mean": 18.1039962769,
        "median": 5.01860809326,
        "min": -1.93400216103,
        "var": 1285.71582031
    },
    "melbands_skewness": {
        "dmean": 0.931559860706,
        "dmean2": 1.40844011307,
        "dvar": 1.52880978584,
        "dvar2": 3.31476807594,
        "max": 16.1494903564,
        "mean": 2.48895835876,
        "median": 1.87608110905,
        "min": -2.10731863976,
        "var": 5.47440290451
    },
    "melbands_spread": {
        "dmean": 8.16497898102,
        "dmean2": 12.2161970139,
        "dvar": 160.741378784,
        "dvar2": 313.02456665,
        "max": 224.760360718,
        "mean": 22.9941291809,
        "median": 17.0242443085,
        "min": 0.263908922672,
        "var": 563.062561035
    },
    "pitch_salience": {
        "dmean": 0.0805054977536,
        "dmean2": 0.126383766532,
        "dvar": 0.00669214269146,
        "dvar2": 0.0145434932783,
        "max": 0.885080873966,
        "mean": 0.520473182201,
        "median": 0.527432918549,
        "min": 0.0585968345404,
        "var": 0.0191216487437
    },
    "silence_rate_20dB": {
        "dmean": 0,
        "dmean2": 0,
        "dvar": 0,
        "dvar2": 0,
        "max": 1,
        "mean": 1,
        "median": 1,
        "min": 1,
        "var": 0
    },
    "silence_rate_30dB": {
        "dmean": 0.038100939244,
        "dmean2": 0.0762094780803,
        "dvar": 0.0366532616317,
        "dvar2": 0.080172277987,
        "max": 1,
        "mean": 0.962102293968,
        "median": 1,
        "min": 0,
        "var": 0.0364600010216
    },
    "silence_rate_60dB": {
        "dmean": 0.0394973084331,
        "dmean2": 0.0790024921298,
        "dvar": 0.0379343628883,
        "dvar2": 0.0829323530197,
        "max": 1,
        "mean": 0.251820087433,
        "median": 0,
        "min": 0,
        "var": 0.188385233283
    },
    "spectral_centroid": {
        "dmean": 271.70602417,
        "dmean2": 404.78302002,
        "dvar": 133338.0625,
        "dvar2": 263242.4375,
        "max": 11437.6982422,
        "mean": 1336.55480957,
        "median": 1181.62536621,
        "min": 129.223495483,
        "var": 727022.625
    },
    "spectral_complexity": {
        "dmean": 3.56074213982,
        "dmean2": 5.36119699478,
        "dvar": 30.1302585602,
        "dvar2": 57.7989273071,
        "max": 62,
        "mean": 12.892490387,
        "median": 9,
        "min": 0,
        "var": 121.277900696
    },
    "spectral_decrease": {
        "dmean": 2.65210764461e-09,
        "dmean2": 3.72827457795e-09,
        "dvar": 3.64187142715e-17,
        "dvar2": 7.27288164199e-17,
        "max": 2.46953457683e-10,
        "mean": -5.34553645792e-09,
        "median": -2.63772470532e-09,
        "min": -7.64071188541e-08,
        "var": 7.0525816073e-17
    },
    "spectral_energy": {
        "dmean": 0.0105408048257,
        "dmean2": 0.0148166846484,
        "dvar": 0.000531211378984,
        "dvar2": 0.00106015568599,
        "max": 0.290420264006,
        "mean": 0.0217864383012,
        "median": 0.0110779674724,
        "min": 1.00010288117e-20,
        "var": 0.00107088673394
    },
    "spectral_energyband_high": {
        "dmean": 0.000544829294086,
        "dmean2": 0.000829018477816,
        "dvar": 1.8756143163e-06,
        "dvar2": 3.97783423978e-06,
        "max": 0.0291272792965,
        "mean": 0.000834969978314,
        "median": 0.000142215605592,
        "min": 7.16602639747e-21,
        "var": 3.92869242205e-06
    },
    "spectral_energyband_low": {
        "dmean": 0.00706339720637,
        "dmean2": 0.0102070141584,
        "dvar": 0.000547740375623,
        "dvar2": 0.0011365810642,
        "max": 0.28159698844,
        "mean": 0.0092102792114,
        "median": 0.000279752333881,
        "min": 2.88769444778e-23,
        "var": 0.000766938377637
    },
    "spectral_energyband_middle_high": {
        "dmean": 0.00281770061702,
        "dmean2": 0.00469056982547,
        "dvar": 5.10817990289e-05,
        "dvar2": 0.000136398157338,
        "max": 0.085546515882,
        "mean": 0.00507828360423,
        "median": 0.00100687460508,
        "min": 1.30583313707e-21,
        "var": 8.82571257534e-05
    },
    "spectral_energyband_middle_low": {
        "dmean": 0.00296635203995,
        "dmean2": 0.00444268621504,
        "dvar": 2.80307722278e-05,
        "dvar2": 6.03328007855e-05,
        "max": 0.139698013663,
        "mean": 0.00715899048373,
        "median": 0.00443086307496,
        "min": 2.39915572907e-22,
        "var": 7.54924767534e-05
    },
    "spectral_entropy": {
        "dmean": 0.208995848894,
        "dmean2": 0.299826472998,
        "dvar": 0.0617593601346,
        "dvar2": 0.112561322749,
        "max": 9.81164360046,
        "mean": 7.34818267822,
        "median": 7.46334600449,
        "min": 5.01428842545,
        "var": 0.395242422819
    },
    "spectral_flux": {
        "dmean": 0.0268826894462,
        "dmean2": 0.0415147989988,
        "dvar": 0.00167194730602,
        "dvar2": 0.00364101235755,
        "max": 0.493598520756,
        "mean": 0.0693174377084,
        "median": 0.0515591800213,
        "min": 6.50549752956e-11,
        "var": 0.00435600616038
    },
    "spectral_kurtosis": {
        "dmean": 2.11895799637,
        "dmean2": 3.37747263908,
        "dvar": 7.9068608284,
        "dvar2": 19.6732463837,
        "max": 54.8563232422,
        "mean": 6.63520002365,
        "median": 4.63073778152,
        "min": -1.27096796036,
        "var": 39.3545761108
    },
    "spectral_rms": {
        "dmean": 0.000851261429489,
        "dmean2": 0.00114297517575,
        "dvar": 1.70111263742e-06,
        "dvar2": 3.01270870295e-06,
        "max": 0.0168326124549,
        "mean": 0.00368131860159,
        "median": 0.00328751769848,
        "min": 3.12363589855e-12,
        "var": 7.7029417298e-06
    },
    "spectral_rolloff": {
        "dmean": 788.600769043,
        "dmean2": 1352.8671875,
        "dvar": 3858840.5,
        "dvar2": 9672767,
        "max": 19401.4160156,
        "mean": 1759.02978516,
        "median": 1248.92578125,
        "min": 64.599609375,
        "var": 4598943.5
    },
    "spectral_skewness": {
        "dmean": 0.280804783106,
        "dmean2": 0.423294454813,
        "dvar": 0.0958116054535,
        "dvar2": 0.208325281739,
        "max": 6.05074977875,
        "mean": 1.83863663673,
        "median": 1.65005075932,
        "min": -0.265466928482,
        "var": 0.734203875065
    },
    "spectral_spread": {
        "dmean": 702951.875,
        "dmean2": 1056907.875,
        "dvar": 1.28876399821e+12,
        "dvar2": 2.68159837798e+12,
        "max": 42895412,
        "mean": 4456314,
        "median": 4033412.25,
        "min": 1275279.375,
        "var": 4.7087180841e+12
    },
    "spectral_strongpeak": {
        "dmean": 0.440273404121,
        "dmean2": 0.732716083527,
        "dvar": 0.632764935493,
        "dvar2": 1.6165317297,
        "max": 16.6974830627,
        "mean": 0.873882293701,
        "median": 0.508802115917,
        "min": 0,
        "var": 1.46961772442
    },
    "zerocrossingrate": {
        "dmean": 0.0154592199251,
        "dmean2": 0.018197670579,
        "dvar": 0.00055066117784,
        "dvar2": 0.000739375595003,
        "max": 0.517578125,
        "mean": 0.066111586988,
        "median": 0.05517578125,
        "min": 0.001953125,
        "var": 0.00245998450555
    },
    "barkbands": {
        "dmean": [0.000278659950709, 0.00637204013765, 0.000827304786071, 0.000525272102095, 0.00148567068391, 0.000424718367867, 0.000563940790016, 0.000362751918146, 0.000616826175246, 0.000716292939615, 0.000743102806155, 0.000361263140803, 0.00030797420186, 0.000466526951641, 0.000330749142449, 0.000253666628851, 0.000242675756454, 0.00029036361957, 0.000211427555769, 0.000167661477462, 0.000109354776214, 8.2283084339e-05, 7.27086589905e-05, 4.18563104176e-05, 3.62480350304e-05, 0.000119054413517, 8.49584394018e-05],
        "dmean2": [0.000393928494304, 0.00946641061455, 0.00136824452784, 0.000839753949549, 0.00219315825962, 0.000650880450848, 0.00088750309078, 0.000577047350816, 0.000979936099611, 0.00120467261877, 0.0012762589613, 0.000599766557571, 0.000545064453036, 0.000772903091274, 0.000553934194613, 0.000430924788816, 0.000406691338867, 0.000500123249367, 0.00035411331919, 0.000260352127953, 0.000168458456756, 0.000122407756862, 0.000105444960354, 6.12051153439e-05, 5.71776399738e-05, 0.000203983261599, 0.000145904486999],
        "dvar": [8.53397637002e-07, 0.00051486690063, 6.90859451424e-06, 3.05147545987e-06, 1.42012140714e-05, 1.21433038203e-06, 1.34124024953e-06, 9.57704969551e-07, 2.72668694379e-06, 3.8835369196e-06, 5.29486578671e-06, 1.33510548039e-06, 1.43832073718e-06, 2.01284956347e-06, 9.44114106005e-07, 5.47467891465e-07, 4.9010333214e-07, 8.18329169761e-07, 7.56676001856e-07, 2.44031269858e-07, 9.29663457327e-08, 1.26784698296e-07, 7.47332080664e-08, 1.77467551765e-08, 9.90711512827e-09, 1.85256624263e-07, 1.01394029173e-07],
        "dvar2": [1.77833510406e-06, 0.00110440223943, 1.88124795386e-05, 7.48082584323e-06, 2.90215139103e-05, 2.54856877291e-06, 3.34130368174e-06, 2.31024546338e-06, 6.69449354973e-06, 1.0050444871e-05, 1.43279039548e-05, 3.2948964872e-06, 3.99351029046e-06, 5.10120526087e-06, 2.44149646278e-06, 1.37678227929e-06, 1.23005997921e-06, 2.22617313739e-06, 2.05888341043e-06, 5.76585080125e-07, 2.06080571274e-07, 2.59954163084e-07, 1.42736197972e-07, 3.31298330991e-08, 2.38275070785e-08, 4.80103494738e-07, 2.6273468734e-07],
        "max": [0.0156255532056, 0.273837268353, 0.0486134402454, 0.0560221523046, 0.130197420716, 0.0306383203715, 0.0252508763224, 0.0308738593012, 0.0497405454516, 0.0424932353199, 0.0460375547409, 0.0303204152733, 0.0237329583615, 0.0368536151946, 0.0279501248151, 0.0139221083373, 0.0172846727073, 0.0126702003181, 0.0144428992644, 0.00988485757262, 0.00920017808676, 0.0151721732691, 0.011676184833, 0.00497065624222, 0.0015581814805, 0.00642263703048, 0.00373825593852],
        "mean": [0.000381482794182, 0.00733192590997, 0.00113082258031, 0.00079736817861, 0.00287668127567, 0.000756925728638, 0.000987382605672, 0.000578640727326, 0.000969729444478, 0.00100827531423, 0.000911449198611, 0.000446225662017, 0.000321221159538, 0.000715866975952, 0.000418068928411, 0.000299960520351, 0.000296851270832, 0.000338934885804, 0.000252634839853, 0.000259938940872, 0.000173041960807, 0.00014322680363, 0.000132793778903, 7.00765231159e-05, 4.26675760536e-05, 8.59466454131e-05, 5.82945249334e-05],
        "median": [5.49812511963e-06, 8.25006572995e-05, 6.35551914456e-05, 0.000102613434137, 0.000629428192042, 0.00024331829627, 0.000417368806666, 0.000137662456837, 0.000177738489583, 0.000105755483673, 7.74893851485e-05, 6.94961490808e-05, 3.26373447024e-05, 3.73922594008e-05, 4.69570877613e-05, 3.48372559529e-05, 3.7891248212e-05, 5.06562646478e-05, 3.4707125451e-05, 3.55331212631e-05, 2.38898064708e-05, 2.18868317461e-05, 1.90795362869e-05, 1.14798531285e-05, 6.78736887494e-06, 2.03063405024e-06, 1.33757254162e-07],
        "min": [7.1480072059e-25, 3.64306221223e-24, 1.42221553374e-24, 6.69408924547e-25, 1.21977191485e-23, 1.17382991791e-23, 1.24369688281e-23, 3.42276428475e-23, 9.98581312368e-24, 2.71903882614e-23, 2.74314546877e-23, 4.02869623466e-23, 5.48504832384e-23, 5.19431016624e-23, 5.82159847412e-23, 7.65328111567e-23, 8.50367443368e-23, 1.83861224819e-22, 1.37831102647e-22, 2.23961776178e-22, 3.20924494436e-22, 3.55837610079e-22, 4.44921034154e-22, 6.74541252807e-22, 9.2310640155e-22, 1.41168145834e-21, 2.11458989687e-21],
        "var": [1.40059091791e-06, 0.000631958246231, 8.82697077031e-06, 6.70729195917e-06, 3.72481808881e-05, 3.09659230879e-06, 2.37778635892e-06, 1.62522155733e-06, 4.76295144836e-06, 7.65965160099e-06, 7.29609928385e-06, 2.22846415454e-06, 1.46390539157e-06, 4.51478899777e-06, 1.26968961922e-06, 6.80957100485e-07, 7.27683300283e-07, 7.18420437806e-07, 6.38640017314e-07, 3.75326862923e-07, 2.21069242912e-07, 3.23495157772e-07, 2.45515934694e-07, 5.78589656186e-08, 1.25671411055e-08, 1.3493021811e-07, 7.32289535677e-08]
    },
    "erbbands": {
        "dmean": [0.215105637908, 1.35971558094, 1.31053209305, 1.13787186146, 3.63947558403, 5.68982076645, 3.82850766182, 3.41241884232, 6.20733213425, 9.2879524231, 9.76027297974, 12.9980669022, 18.8352565765, 26.6089820862, 21.0412559509, 13.5073890686, 13.1785402298, 17.9371051788, 20.4533672333, 17.569152832, 12.0105314255, 13.7948598862, 15.6932630539, 12.4611778259, 9.52481937408, 7.65941619873, 6.06532335281, 3.06941413879, 3.03084349632, 2.45595312119, 2.02576160431, 0.992397010326, 0.687336087227, 0.362689733505, 0.282992869616, 0.27700728178, 0.247291371226, 0.116484746337, 0.0148132555187, 0.000481041148305],
        "dmean2": [0.31634286046, 2.08415937424, 2.10465884209, 1.80757212639, 5.52155590057, 8.44443035126, 5.70593070984, 5.33797454834, 9.84464454651, 14.6615724564, 15.052526474, 21.0616073608, 31.44465065, 45.9002952576, 35.9506950378, 22.3388271332, 22.9133548737, 30.1574630737, 33.2887573242, 29.4801940918, 20.1453132629, 23.2035007477, 26.9877624512, 20.9882545471, 15.7235803604, 11.8657674789, 9.49679660797, 4.58113241196, 4.53196287155, 3.62541937828, 2.92965626717, 1.439016819, 1.04007029533, 0.558205723763, 0.455743253231, 0.467071682215, 0.423994600773, 0.201579064131, 0.0253855269402, 0.000823896494694],
        "dvar": [0.599243879318, 25.0566368103, 19.7155342102, 11.6216611862, 91.7585678101, 260.602081299, 173.611755371, 82.0409927368, 235.83807373, 364.961791992, 684.506530762, 1527.6697998, 2452.40625, 5924.50439453, 4128.27197266, 2039.00244141, 2429.77734375, 3269.43725586, 3568.73046875, 2379.08862305, 1322.75195312, 1594.12817383, 2488.70800781, 2254.50878906, 1646.34899902, 441.115539551, 294.104309082, 92.9920349121, 196.574905396, 78.7568359375, 68.9251785278, 12.5814619064, 4.29658174515, 0.91600215435, 0.715928316116, 0.938792705536, 0.832614719868, 0.189757734537, 0.00307299266569, 3.26497979586e-06],
        "dvar2": [1.32761359215, 55.0883369446, 50.7989044189, 28.1317768097, 204.632675171, 539.526733398, 293.335113525, 181.235961914, 587.248596191, 903.169799805, 1597.94628906, 3800.41967773, 6131.80419922, 16163.9453125, 11057.7226562, 4986.69824219, 6683.25927734, 8422.05859375, 8824.92773438, 6139.71875, 3347.52807617, 4045.62304688, 6748.62109375, 6199.73583984, 4392.33154297, 1022.78973389, 657.467041016, 210.277282715, 406.106048584, 144.256591797, 130.644195557, 23.031206131, 8.99340438843, 2.044891119, 1.77116978168, 2.39044046402, 2.17947983742, 0.497259378433, 0.007911904715, 8.46853163239e-06],
        "max": [9.36007213593, 63.8418655396, 81.7462081909, 105.915397644, 207.462493896, 624.560668945, 810.245788574, 288.595214844, 418.58203125, 643.236816406, 951.052307129, 1498.45654297, 1352.28381348, 1618.56079102, 1329.02294922, 1246.67724609, 1012.67102051, 1648.08361816, 1367.14953613, 1496.81201172, 837.528869629, 1159.29370117, 655.006958008, 670.969238281, 822.804992676, 565.092651367, 527.376525879, 364.766662598, 728.676574707, 377.760223389, 380.326599121, 128.16569519, 71.0933837891, 27.3372192383, 9.59443569183, 12.3462486267, 17.0373859406, 4.73135995865, 0.685947716236, 0.031551502645],
        "mean": [0.242695555091, 1.49572730064, 1.72182309628, 2.02790951729, 6.16120243073, 11.0769701004, 7.24266767502, 5.93542814255, 10.8097114563, 15.3582620621, 18.0220985413, 18.9642848969, 28.0843906403, 35.9414787292, 25.2106723785, 17.6226921082, 15.2442035675, 25.7945995331, 31.3808555603, 23.1369762421, 15.7376928329, 17.5592346191, 18.4552154541, 15.1935539246, 11.8418273926, 12.5521850586, 9.63428020477, 5.05257177353, 5.18651533127, 4.59188318253, 3.61047673225, 1.70545780659, 1.08672261238, 0.515038371086, 0.285845279694, 0.220729857683, 0.174409523606, 0.0795848742127, 0.0102726779878, 0.000352697446942],
        "median": [0.00167431740556, 0.0219439975917, 0.0902494862676, 0.326980113983, 1.3378278017, 2.01610612869, 1.86496400833, 2.30023884773, 4.21643972397, 5.94175434113, 4.1226940155, 3.69783377647, 3.87884688377, 4.01319408417, 3.04862809181, 2.79402422905, 1.88181734085, 1.80180966854, 2.66609025002, 2.8361530304, 2.07425355911, 2.42160630226, 2.85413455963, 2.52709722519, 1.73490536213, 1.66810572147, 1.23157691956, 0.850371897221, 0.800498723984, 0.65424323082, 0.508204758167, 0.264980822802, 0.179651737213, 0.0990500673652, 0.0312076099217, 0.0106251882389, 0.00336817535572, 0.00055100483587, 3.62847167708e-05, 1.83673546417e-05],
        "min": [1.11682067578e-22, 1.90610019477e-21, 2.11453698639e-21, 5.44952524833e-21, 1.79579376177e-20, 4.18833823567e-20, 6.88356182818e-20, 8.08883183533e-20, 2.33216387578e-19, 5.29350924281e-19, 8.81229420958e-19, 3.82266604991e-19, 5.76153785616e-19, 9.66900723795e-19, 1.37626548131e-18, 1.72525236136e-18, 2.03538749862e-18, 2.49329193826e-18, 3.11886795602e-18, 3.79976043647e-18, 3.20668910127e-18, 5.55932414624e-18, 8.46997461206e-18, 7.54495094075e-18, 8.55758461946e-18, 1.11293404291e-17, 1.25148183243e-17, 1.22100188122e-17, 1.10840506362e-17, 1.20835263529e-17, 1.3744528184e-17, 1.31176667275e-17, 1.14914023463e-17, 9.82791152875e-18, 6.55795903385e-18, 5.15497179305e-18, 2.33948287323e-18, 1.04968702745e-18, 2.71758092738e-19, 3.23625690491e-20],
        "var": [0.716317951679, 28.1450519562, 22.3065776825, 31.9307308197, 171.276626587, 708.133300781, 525.301208496, 165.58164978, 351.16394043, 655.369812012, 1488.71826172, 2098.93920898, 5285.99511719, 8642.97363281, 4995.77783203, 3469.4440918, 2729.71655273, 5770.95898438, 7310.67236328, 3196.79077148, 2002.23498535, 2249.20849609, 2196.19067383, 1824.72680664, 1430.03125, 842.424377441, 668.442016602, 198.153182983, 468.34664917, 262.040008545, 214.192153931, 40.7316818237, 12.0160741806, 1.88625597954, 0.685658037663, 0.720393836498, 0.593896150589, 0.133972510695, 0.00224860501476, 2.36849132307e-06]
    },
    "gfcc": {
        "mean": [-87.3354721069, 80.5363922119, -119.011222839, 11.3083848953, -66.5186843872, 2.99634075165, -32.4147224426, 5.06392621994, -22.6468982697, -0.189559057355, -16.1674518585, 0.0892785266042, -10.3884134293],
        "cov": [[26801.0117188, -524.051452637, -472.708007812, 2909.67993164, 130.518676758, 211.192077637, -1034.18762207, 431.399169922, 143.984329224, -350.553649902, -294.743469238, -264.822723389, 33.0507011414], [-524.051452637, 1662.69543457, 255.673965454, 139.69152832, 217.613555908, 107.437599182, 84.4974746704, 6.04304265976, 47.2531471252, -56.1144218445, 89.9072265625, -103.735671997, 21.4712924957], [-472.708007812, 255.673965454, 1717.06066895, 434.357757568, 438.157501221, 145.551956177, 68.6779937744, 113.396644592, 30.9054145813, 13.9398918152, 15.6864290237, 37.7351951599, -29.0987129211], [2909.67993164, 139.69152832, 434.357757568, 1575.66906738, 248.434692383, 204.685821533, -278.787628174, 218.957733154, 188.299377441, -99.8879623413, -15.9200239182, -107.608207703, 32.1431732178], [130.518676758, 217.613555908, 438.157501221, 248.434692383, 616.175537109, 134.894256592, 158.519622803, 154.493759155, 110.67666626, 54.1388511658, -2.01139426231, 17.2675495148, -3.02733755112], [211.192077637, 107.437599182, 145.551956177, 204.685821533, 134.894256592, 311.905731201, 125.70778656, 83.2429275513, 90.0816726685, 40.0102500916, 25.2389831543, -25.102350235, 0.886535167694], [-1034.18762207, 84.4974746704, 68.6779937744, -278.787628174, 158.519622803, 125.70778656, 452.99395752, 75.7265701294, 39.8144989014, 104.711166382, 66.3032150269, 58.7156944275, -15.3160295486], [431.399169922, 6.04304265976, 113.396644592, 218.957733154, 154.493759155, 83.2429275513, 75.7265701294, 219.181655884, 111.078857422, 44.5393371582, 12.5344057083, 10.8151845932, -0.0189413540065], [143.984329224, 47.2531471252, 30.9054145813, 188.299377441, 110.67666626, 90.0816726685, 39.8144989014, 111.078857422, 222.033233643, 60.4241676331, 14.5103445053, -12.3289318085, 7.40519046783], [-350.553649902, -56.1144218445, 13.9398918152, -99.8879623413, 54.1388511658, 40.0102500916, 104.711166382, 44.5393371582, 60.4241676331, 160.353668213, 41.0940437317, 26.2044715881, -5.81239461899], [-294.743469238, 89.9072265625, 15.6864290237, -15.9200239182, -2.01139426231, 25.2389831543, 66.3032150269, 12.5344057083, 14.5103445053, 41.0940437317, 129.672592163, 31.1927528381, 2.88105130196], [-264.822723389, -103.735671997, 37.7351951599, -107.608207703, 17.2675495148, -25.102350235, 58.7156944275, 10.8151845932, -12.3289318085, 26.2044715881, 31.1927528381, 115.587409973, 16.129863739], [33.0507011414, 21.4712924957, -29.0987129211, 32.1431732178, -3.02733755112, 0.886535167694, -15.3160295486, -0.0189413540065, 7.40519046783, -5.81239461899, 2.88105130196, 16.129863739, 95.462600708]],
        "icov": [[5.24736642546e-05, 1.14275817396e-05, 4.26437509304e-05, -8.99181031855e-05, -1.28765468617e-05, -2.85485511995e-05, 6.64335966576e-05, -7.99973277026e-05, 7.15732385288e-05, 8.65291895025e-06, 6.62214879412e-05, -1.38467321449e-05, 2.83527315332e-05], [1.14275817396e-05, 0.000804595125373, -7.87163153291e-05, 6.41774895485e-05, -0.000320473016473, -1.85413937288e-05, -0.0001286764018, 0.000158961382112, -0.000145232479554, 0.000600680941716, -0.000888100301381, 0.00106724689249, -0.000366817548638], [4.26437509304e-05, -7.87163153291e-05, 0.000822112662718, -0.000277715327684, -0.000478579313494, -0.000182911739103, 9.28532608668e-05, -1.1548348084e-05, 0.000389723805711, -0.000101752892078, 0.000108100735815, -0.000534418155439, 0.000399070529966], [-8.99181031855e-05, 6.41774895485e-05, -0.000277715327684, 0.00150905549526, -0.000289455580059, -0.000669955450576, 0.00103286362719, -0.000949529523496, -0.00063751876587, 0.000931165413931, -0.000744768534787, 0.00078930077143, -0.000418241397711], [-1.28765468617e-05, -0.000320473016473, -0.000478579313494, -0.000289455580059, 0.00275753322057, -8.26070245239e-05, -0.000823114532977, -0.000800013658591, -0.000385622493923, -0.0004669513728, 0.0011088475585, -0.000609456328675, 5.51111079403e-05], [-2.85485511995e-05, -1.85413937288e-05, -0.000182911739103, -0.000669955450576, -8.26070245239e-05, 0.00493102101609, -0.00179524871055, 7.5478470535e-05, -0.000843302172143, -0.000381005898817, -0.000292366545182, 0.00146612140816, -0.00034922955092], [6.64335966576e-05, -0.0001286764018, 9.28532608668e-05, 0.00103286362719, -0.000823114532977, -0.00179524871055, 0.00446821562946, -0.00139228615444, 0.000322859385051, -0.000741311407182, -0.00102186016738, -0.0010339776054, 0.000529008626472], [-7.99973277026e-05, 0.000158961382112, -1.1548348084e-05, -0.000949529523496, -0.000800013658591, 7.5478470535e-05, -0.00139228615444, 0.00815352145582, -0.00252320757136, -0.000740539107937, 0.00025384395849, -0.0010637807427, 0.000383028091164], [7.15732385288e-05, -0.000145232479554, 0.000389723805711, -0.00063751876587, -0.000385622493923, -0.000843302172143, 0.000322859385051, -0.00252320757136, 0.00741895055398, -0.00245491042733, 0.000183479525731, 0.000620196922682, -0.00044705986511], [8.65291895025e-06, 0.000600680941716, -0.000101752892078, 0.000931165413931, -0.0004669513728, -0.000381005898817, -0.000741311407182, -0.000740539107937, -0.00245491042733, 0.00956157874316, -0.00254124286585, 0.000117960502394, 0.000216365602682], [6.62214879412e-05, -0.000888100301381, 0.000108100735815, -0.000744768534787, 0.0011088475585, -0.000292366545182, -0.00102186016738, 0.00025384395849, 0.000183479525731, -0.00254124286585, 0.0105427466333, -0.00341644673608, 0.000424648460466], [-1.38467321449e-05, 0.00106724689249, -0.000534418155439, 0.00078930077143, -0.000609456328675, 0.00146612140816, -0.0010339776054, -0.0010637807427, 0.000620196922682, 0.000117960502394, -0.00341644673608, 0.0128983063623, -0.00298014539294], [2.83527315332e-05, -0.000366817548638, 0.000399070529966, -0.000418241397711, 5.51111079403e-05, -0.00034922955092, 0.000529008626472, 0.000383028091164, -0.00044705986511, 0.000216365602682, 0.000424648460466, -0.00298014539294, 0.0114389834926]]
    },
    "melbands": {
        "dmean": [0.00186242070049, 0.00104313995689, 0.000256632396486, 0.000355227355612, 0.000155482135597, 7.97861721367e-05, 9.78929747362e-05, 9.5114504802e-05, 8.95783450687e-05, 8.15148378024e-05, 9.8577074823e-05, 0.000110686574772, 8.83327156771e-05, 3.8968235458e-05, 3.46102569893e-05, 3.27953202941e-05, 3.5643861338e-05, 3.87834115827e-05, 2.69293141173e-05, 1.97660610866e-05, 1.40621850733e-05, 1.52303409777e-05, 1.3731105355e-05, 1.48252802319e-05, 1.00648030639e-05, 7.70874703448e-06, 6.64539038553e-06, 5.02966940985e-06, 4.4382145461e-06, 2.4795160698e-06, 1.73280955096e-06, 1.84299472039e-06, 1.67880489244e-06, 1.42383191815e-06, 1.29689101414e-06, 8.98558880635e-07, 5.43009207377e-07, 4.93521440603e-07, 4.60485836129e-07, 2.68621334953e-07],
        "dmean2": [0.0027380886022, 0.00159486755729, 0.000401110388339, 0.000530176737811, 0.00022986291151, 0.000124233265524, 0.000155301517225, 0.000149639585288, 0.000137756214826, 0.000133106150315, 0.000164488490555, 0.000189923041034, 0.000151198953972, 6.65049738018e-05, 5.77605169383e-05, 5.79036277486e-05, 5.99988852628e-05, 6.34325842839e-05, 4.53165303043e-05, 3.32090785378e-05, 2.36320101976e-05, 2.55621071119e-05, 2.37274398387e-05, 2.54512451647e-05, 1.70476869243e-05, 1.27997764139e-05, 1.08806825665e-05, 7.79595939093e-06, 7.01284898241e-06, 3.84577060686e-06, 2.64959635388e-06, 2.80175527223e-06, 2.53841994891e-06, 2.13622388401e-06, 1.91101003111e-06, 1.33195567287e-06, 7.99235579052e-07, 7.54527377467e-07, 7.25513473299e-07, 4.15587493308e-07],
        "dvar": [4.39938376076e-05, 1.31385932036e-05, 4.89905175982e-07, 7.4012081086e-07, 2.87733399773e-07, 4.12496667934e-08, 5.05571726706e-08, 3.84235292472e-08, 5.70137252964e-08, 6.05012431265e-08, 6.9259634472e-08, 9.60121369076e-08, 7.08619651846e-08, 1.88084214869e-08, 1.59812891809e-08, 1.81407653344e-08, 1.26309851467e-08, 1.52213761595e-08, 7.37367722436e-09, 3.28039839737e-09, 2.23203477923e-09, 2.04942596227e-09, 1.75707959293e-09, 2.35339436827e-09, 1.51268997328e-09, 9.29798515958e-10, 6.79238720824e-10, 2.01773001085e-10, 1.58800694816e-10, 5.5265615001e-11, 3.52376808288e-11, 7.31977256585e-11, 6.0371256605e-11, 2.43475448136e-11, 3.14965900583e-11, 1.03001209992e-11, 4.0356021476e-12, 2.29988575927e-12, 1.76036214685e-12, 4.97435100923e-13],
        "dvar2": [9.53192720772e-05, 2.97854130622e-05, 1.17543731903e-06, 1.60880642852e-06, 5.00031944739e-07, 9.05123513917e-08, 1.25930938566e-07, 9.53103906909e-08, 1.31240369683e-07, 1.50830345547e-07, 1.7369488603e-07, 2.60918710637e-07, 1.89502074477e-07, 4.95545080526e-08, 4.03284659001e-08, 5.05434982756e-08, 3.1925686983e-08, 3.77854512124e-08, 1.91916367243e-08, 8.16028045136e-09, 5.55461898699e-09, 5.09024689066e-09, 4.73857131311e-09, 6.36629104989e-09, 4.16861700714e-09, 2.48190690222e-09, 1.77180203842e-09, 4.62879651275e-10, 3.74646508261e-10, 1.23455773382e-10, 8.3586929045e-11, 1.61106059049e-10, 1.28901764263e-10, 4.83807403862e-11, 5.94420068722e-11, 2.07432925003e-11, 8.00487974517e-12, 4.80755973226e-12, 4.14397899676e-12, 1.14267905034e-12],
        "max": [0.0804612115026, 0.0491784922779, 0.0194792933762, 0.0218971557915, 0.0323972888291, 0.00586186908185, 0.00585311744362, 0.00676550203934, 0.00801645498723, 0.00882455054671, 0.00697580957785, 0.00609713699669, 0.00488010654226, 0.00300352298655, 0.00410905340686, 0.0024732707534, 0.00306057743728, 0.00294161983766, 0.00296913203783, 0.00155449751765, 0.00133058533538, 0.0014004757395, 0.000767163059209, 0.000981971737929, 0.000636291573755, 0.000516685715411, 0.000584360386711, 0.000439569994342, 0.00031999478233, 0.000297405786114, 0.000225989511819, 0.000477396795759, 0.000329285627231, 0.000191778162844, 0.000232349062571, 0.000143329481944, 8.0234487541e-05, 5.47253330296e-05, 3.37331402989e-05, 2.15848667722e-05],
        "mean": [0.00213201367296, 0.00129486166406, 0.00044300663285, 0.000671254296321, 0.000300277170027, 0.000141140946653, 0.000172830652446, 0.000155514004291, 0.000164461045642, 0.000114550399303, 0.000145123151015, 0.000150115214637, 0.000108456959424, 4.31613407272e-05, 4.46363155788e-05, 3.45462904079e-05, 5.07615986862e-05, 5.84388071729e-05, 3.39993894158e-05, 2.40627741732e-05, 1.74325650732e-05, 1.91294493561e-05, 1.46414513438e-05, 1.74547913048e-05, 1.175923353e-05, 9.0642251962e-06, 8.51239019539e-06, 8.09148241387e-06, 6.67739595883e-06, 3.71085661754e-06, 2.65848848358e-06, 2.93568041343e-06, 2.76629657492e-06, 2.54406745626e-06, 2.28527437685e-06, 1.41922316743e-06, 8.85479721546e-07, 7.6323635767e-07, 6.53422887353e-07, 3.57172012855e-07],
        "median": [1.96763576241e-05, 4.15919785155e-05, 8.51269360282e-05, 0.000143782672239, 7.06722130417e-05, 5.53079153178e-05, 7.26159996702e-05, 5.53953177587e-05, 3.14146345772e-05, 2.14969368244e-05, 1.84039290616e-05, 1.64736975421e-05, 1.00632578324e-05, 6.47560000289e-06, 5.81280391998e-06, 2.71464978141e-06, 3.16399609801e-06, 3.51745688931e-06, 3.77118385586e-06, 2.64417485596e-06, 1.88116348454e-06, 2.30194041251e-06, 2.088354222e-06, 2.56094585893e-06, 1.84395025826e-06, 1.21454786495e-06, 1.09807592708e-06, 1.00373028999e-06, 7.94619609223e-07, 4.76159328855e-07, 4.45894954737e-07, 4.38840430661e-07, 3.60684310863e-07, 3.3273408917e-07, 2.94956549851e-07, 2.01920869358e-07, 1.27185685983e-07, 1.15644546383e-07, 1.14040226151e-07, 6.5403618521e-08],
        "min": [1.41471297349e-24, 2.48490396284e-24, 1.11623453241e-24, 3.09683598879e-24, 1.87077259268e-24, 1.86125656358e-24, 3.01801833195e-24, 7.24043991171e-24, 9.28302798727e-24, 1.1129600694e-24, 3.11629186251e-24, 4.10096559656e-24, 3.52947255276e-24, 4.48786558297e-24, 5.5948291262e-24, 5.02674475037e-24, 4.6101457286e-24, 4.67691807106e-24, 4.68422923393e-24, 6.55580962018e-24, 3.34995305428e-24, 4.95392776122e-24, 6.21376781471e-24, 9.66982699948e-24, 5.30593997967e-24, 4.89437822921e-24, 4.51666255589e-24, 7.09013429914e-24, 6.64472055508e-24, 7.42185977611e-24, 6.75240795725e-24, 6.2962100902e-24, 6.15530217758e-24, 6.23505088751e-24, 6.32650432111e-24, 7.42938393143e-24, 6.70831931012e-24, 7.13534943964e-24, 6.29845006074e-24, 8.04216082741e-24],
        "var": [5.3894771554e-05, 1.55830730364e-05, 1.09351765332e-06, 1.82993619546e-06, 8.35691423617e-07, 8.80017054783e-08, 7.89769245557e-08, 6.88563517315e-08, 1.36672440476e-07, 7.7652103414e-08, 1.50202168925e-07, 1.45593162415e-07, 9.51965972718e-08, 2.36162840395e-08, 2.67213806637e-08, 1.89883735402e-08, 2.35216237598e-08, 3.17072021971e-08, 9.7762224982e-09, 4.2521506316e-09, 3.63290797445e-09, 3.29582694469e-09, 1.45923606532e-09, 2.19541296254e-09, 1.21078402859e-09, 8.40799041502e-10, 6.52060794248e-10, 3.89198867579e-10, 3.12295550531e-10, 1.28944480093e-10, 6.889371712e-11, 1.55381499334e-10, 1.40131878323e-10, 7.52997803e-11, 9.81683068169e-11, 2.80177218231e-11, 1.15735112466e-11, 6.32112114388e-12, 3.7017828039e-12, 8.84500697511e-13]
    },
    "mfcc": {
        "mean": [-725.112548828, 115.466125488, -0.140858843923, 9.21598911285, -11.9866914749, -4.89429616928, -4.64108800888, 1.59022045135, -2.54487681389, -0.233281612396, -3.65512251854, -3.32926344872, -2.13515615463],
        "cov": [[19969.5488281, -672.513793945, -797.776855469, 2133.53173828, 1130.29003906, 364.58895874, -513.625793457, 207.432601929, 76.4929428101, 680.822509766, 27.1907291412, -486.430084229, -332.362670898], [-672.513793945, 1786.0057373, 177.567382812, -64.0699996948, 69.0196762085, 49.893371582, 200.846893311, 43.3806152344, 46.4605789185, -39.6005973816, 60.0789642334, 72.676399231, 31.2580318451], [-797.776855469, 177.567382812, 1069.31555176, 291.501861572, 280.383575439, 119.270149231, 106.53200531, 62.3251533508, 42.2469596863, -53.0056800842, 34.3536643982, 91.0091171265, 27.4274501801], [2133.53173828, -64.0699996948, 291.501861572, 976.071105957, 577.228271484, 141.08241272, -2.25848078728, 107.589881897, 81.8983306885, 122.930343628, 55.4988098145, -39.6801376343, -4.58580064774], [1130.29003906, 69.0196762085, 280.383575439, 577.228271484, 656.354187012, 162.726516724, 10.6064586639, 88.5423965454, 100.524879456, 120.764877319, 59.0392837524, -26.0238513947, -6.07001113892], [364.58895874, 49.893371582, 119.270149231, 141.08241272, 162.726516724, 261.638336182, 96.8202590942, 73.5492630005, 77.3745346069, 99.0320129395, 61.604347229, 12.7928762436, 11.1786870956], [-513.625793457, 200.846893311, 106.53200531, -2.25848078728, 10.6064586639, 96.8202590942, 281.193145752, 103.63343811, 56.499382019, 12.3133926392, 55.434337616, 65.6487350464, 51.0625762939], [207.432601929, 43.3806152344, 62.3251533508, 107.589881897, 88.5423965454, 73.5492630005, 103.63343811, 193.713623047, 87.9655151367, 54.1703948975, 48.1703681946, 45.1746368408, 42.2606506348], [76.4929428101, 46.4605789185, 42.2469596863, 81.8983306885, 100.524879456, 77.3745346069, 56.499382019, 87.9655151367, 190.795623779, 90.0247268677, 46.814540863, 36.4531707764, 25.313539505], [680.822509766, -39.6005973816, -53.0056800842, 122.930343628, 120.764877319, 99.0320129395, 12.3133926392, 54.1703948975, 90.0247268677, 219.486816406, 94.569770813, 2.74635744095, 6.97547960281], [27.1907291412, 60.0789642334, 34.3536643982, 55.4988098145, 59.0392837524, 61.604347229, 55.434337616, 48.1703681946, 46.814540863, 94.569770813, 143.646331787, 49.615524292, 26.15650177], [-486.430084229, 72.676399231, 91.0091171265, -39.6801376343, -26.0238513947, 12.7928762436, 65.6487350464, 45.1746368408, 36.4531707764, 2.74635744095, 49.615524292, 145.244049072, 64.7877502441], [-332.362670898, 31.2580318451, 27.4274501801, -4.58580064774, -6.07001113892, 11.1786870956, 51.0625762939, 42.2606506348, 25.313539505, 6.97547960281, 26.15650177, 64.7877502441, 122.62651062]],
