{
"lowlevel": {
    "average_loudness": 0.736884891987,
    "barkbands_crest": {
        "dmean": 3.03622746468,
        "dmean2": 4.75933647156,
        "dvar": 9.39910030365,
        "dvar2": 20.356004715,
        "max": 26.4091949463,
        "mean": 11.4207773209,
        "median": 10.2139358521,
        "min": 2.46038746834,
        "var": 28.8974552155
    },
    "barkbands_flatness_db": {
        "dmean": 0.028432816267,
        "dmean2": 0.0411397814751,
        "dvar": 0.00100821489468,
        "dvar2": 0.00189870758913,
        "max": 0.489816069603,
        "mean": 0.160004451871,
        "median": 0.140986740589,
        "min": 0.0191494654864,
        "var": 0.00569890020415
    },
    "barkbands_kurtosis": {
        "dmean": 7.38624286652,
        "dmean2": 11.7268819809,
        "dvar": 721.981689453,
        "dvar2": 1807.13293457,
        "max": 1082.03076172,
        "mean": 9.20872974396,
        "median": 1.95872831345,
        "min": -1.93913578987,
        "var": 762.131469727
    },
    "barkbands_skewness": {
        "dmean": 0.838313519955,
        "dmean2": 1.2506030798,
        "dvar": 1.47273516655,
        "dvar2": 3.12707209587,
        "max": 25.8924446106,
        "mean": 1.65031659603,
        "median": 1.1411806345,
        "min": -4.49394702911,
        "var": 4.02915906906
    },
    "barkbands_spread": {
        "dmean": 7.17955589294,
        "dmean2": 10.9724988937,
        "dvar": 122.425445557,
        "dvar2": 266.826202393,
        "max": 127.033859253,
        "mean": 19.7804698944,
        "median": 15.4827346802,
        "min": 0.156349137425,
        "var": 323.152313232
    },
    "dissonance": {
        "dmean": 0.0259765069932,
        "dmean2": 0.0438972041011,
        "dvar": 0.000740218092687,
        "dvar2": 0.00209482968785,
        "max": 0.499999970198,
        "mean": 0.449891626835,
        "median": 0.461043417454,
        "min": 0.216283425689,
        "var": 0.00175838009454
    },
    "dynamic_complexity": 6.6191649437,
    "erbbands_crest": {
        "dmean": 2.77077531815,
        "dmean2": 4.4718298912,
        "dvar": 6.59798049927,
        "dvar2": 16.2081222534,
        "max": 29.5311851501,
        "mean": 9.89727401733,
        "median": 8.97194957733,
        "min": 2.53463149071,
        "var": 18.7313632965
    },
    "erbbands_flatness_db": {
        "dmean": 0.021725634113,
        "dmean2": 0.0315609052777,
        "dvar": 0.00048687265371,
        "dvar2": 0.000964144652244,
        "max": 0.434300720692,
        "mean": 0.183411508799,
        "median": 0.173924639821,
        "min": 0.0294151566923,
        "var": 0.00425815023482
    },
    "erbbands_kurtosis": {
        "dmean": 1.59152269363,
        "dmean2": 2.49740457535,
        "dvar": 7.50991153717,
        "dvar2": 15.8301649094,
        "max": 76.2344436646,
        "mean": 1.74561023712,
        "median": 0.426206350327,
        "min": -1.85894441605,
        "var": 20.5103645325
    },
    "erbbands_skewness": {
        "dmean": 0.487766683102,
        "dmean2": 0.738961160183,
        "dvar": 0.245565295219,
        "dvar2": 0.522077620029,
        "max": 8.15271472931,
        "mean": 0.474357366562,
        "median": 0.438464224339,
        "min": -5.50260353088,
        "var": 1.08282887936
    },
    "erbbands_spread": {
        "dmean": 9.20605659485,
        "dmean2": 14.1816587448,
        "dvar": 151.248565674,
        "dvar2": 349.319000244,
        "max": 162.291687012,
        "mean": 33.3276138306,
        "median": 28.7235450745,
        "min": 1.85633957386,
        "var": 459.272155762
    },
    "hfc": {
        "dmean": 9.5019903183,
        "dmean2": 14.7352848053,
        "dvar": 439.03704834,
        "dvar2": 1056.85559082,
        "max": 262.140472412,
        "mean": 17.6373844147,
        "median": 6.63400888443,
        "min": 1.12282872776e-16,
        "var": 705.073913574
    },
    "melbands_crest": {
        "dmean": 3.55003714561,
        "dmean2": 5.41336870193,
        "dvar": 11.210486412,
        "dvar2": 24.9670658112,
        "max": 34.1532478333,
        "mean": 14.6112499237,
        "median": 13.0920724869,
        "min": 1.86948668957,
        "var": 43.2252807617
    },
    "melbands_flatness_db": {
        "dmean": 0.0333987250924,
        "dmean2": 0.0474893413484,
        "dvar": 0.00155028002337,
        "dvar2": 0.00283265835606,
        "max": 0.633480846882,
        "mean": 0.217075154185,
        "median": 0.195026800036,
        "min": 0.00452228402719,
        "var": 0.0093848882243
    },
    "melbands_kurtosis": {
        "dmean": 11.8309745789,
        "dmean2": 18.5960941315,
        "dvar": 870.047058105,
        "dvar2": 2035.0994873,
        "max": 656.475646973,
        "mean": 17.9134845734,
        "median": 5.07297420502,
        "min": -1.93425261974,
        "var": 1287.67419434
    },
    "melbands_skewness": {
        "dmean": 0.935637235641,
        "dmean2": 1.41542577744,
        "dvar": 1.54558193684,
        "dvar2": 3.35618543625,
        "max": 16.2997245789,
        "mean": 2.47365736961,
        "median": 1.88874292374,
        "min": -2.10092306137,
        "var": 5.34009742737
    },
    "melbands_spread": {
        "dmean": 8.26404380798,
        "dmean2": 12.3690977097,
        "dvar": 164.647796631,
        "dvar2": 321.610046387,
        "max": 227.189178467,
        "mean": 23.3037929535,
        "median": 17.2463989258,
        "min": 0.26685205102,
        "var": 576.090209961
    },
    "pitch_salience": {
        "dmean": 0.0804801881313,
        "dmean2": 0.126398742199,
        "dvar": 0.00663288030773,
        "dvar2": 0.0144645348191,
        "max": 0.881029844284,
        "mean": 0.521453201771,
        "median": 0.528635025024,
        "min": 0.0542336776853,
        "var": 0.0187956374139
    },
    "silence_rate_20dB": {
        "dmean": 0,
        "dmean2": 0,
        "dvar": 0,
        "dvar2": 0,
        "max": 1,
        "mean": 1,
        "median": 1,
        "min": 1,
        "var": 0
    },
    "silence_rate_30dB": {
        "dmean": 0.0377019755542,
        "dmean2": 0.0754114687443,
        "dvar": 0.0362841635942,
        "dvar2": 0.0786958634853,
        "max": 1,
        "mean": 0.962102293968,
        "median": 1,
        "min": 0,
        "var": 0.036459993571
    },
    "silence_rate_60dB": {
        "dmean": 0.0398962683976,
        "dmean2": 0.0798005014658,
        "dvar": 0.0383015573025,
        "dvar2": 0.0837981849909,
        "max": 1,
        "mean": 0.251820087433,
        "median": 0,
        "min": 0,
        "var": 0.188385218382
    },
    "spectral_centroid": {
        "dmean": 274.049438477,
        "dmean2": 408.311767578,
        "dvar": 134485.921875,
        "dvar2": 264875,
        "max": 11411.1904297,
        "mean": 1346.0534668,
        "median": 1188.42370605,
        "min": 129.296554565,
        "var": 750698.1875
    },
    "spectral_complexity": {
        "dmean": 3.52722930908,
        "dmean2": 5.29536151886,
        "dvar": 29.1115226746,
        "dvar2": 55.2456054688,
        "max": 60,
        "mean": 12.8636684418,
        "median": 9,
        "min": 0,
        "var": 119.849021912
    },
    "spectral_decrease": {
        "dmean": 2.65561639345e-09,
        "dmean2": 3.73474762227e-09,
        "dvar": 3.66144384393e-17,
        "dvar2": 7.34580522305e-17,
        "max": 5.73410312288e-11,
        "mean": -5.33845545547e-09,
        "median": -2.63348653995e-09,
        "min": -7.89553453728e-08,
        "var": 7.04795535157e-17
    },
    "spectral_energy": {
        "dmean": 0.0105468453839,
        "dmean2": 0.0148338722065,
        "dvar": 0.000534402788617,
        "dvar2": 0.00107163889334,
        "max": 0.300099372864,
        "mean": 0.0217483695596,
        "median": 0.0110325086862,
        "min": 1.0380531845e-20,
        "var": 0.00107013550587
    },
    "spectral_energyband_high": {
        "dmean": 0.000534271937795,
        "dmean2": 0.000804272131063,
        "dvar": 1.77180891114e-06,
        "dvar2": 3.64936136066e-06,
        "max": 0.0292254649103,
        "mean": 0.000840013381094,
        "median": 0.000145136829815,
        "min": 7.46784311568e-21,
        "var": 3.99834289055e-06
    },
    "spectral_energyband_low": {
        "dmean": 0.00706252036616,
        "dmean2": 0.0102127408609,
        "dvar": 0.000550069729798,
        "dvar2": 0.001145745744,
        "max": 0.291349500418,
        "mean": 0.00918557681143,
        "median": 0.000277503801044,
        "min": 1.4120805841e-23,
        "var": 0.000765793840401
    },
    "spectral_energyband_middle_high": {
        "dmean": 0.00283408095129,
        "dmean2": 0.00472295004874,
        "dvar": 5.17658772878e-05,
        "dvar2": 0.000138231960591,
        "max": 0.0871132016182,
        "mean": 0.00508294673637,
        "median": 0.000999788637273,
        "min": 1.26577697649e-21,
        "var": 8.89421353349e-05
    },
    "spectral_energyband_middle_low": {
        "dmean": 0.00296217668802,
        "dmean2": 0.00443593692034,
        "dvar": 2.77802173514e-05,
        "dvar2": 5.98109691055e-05,
        "max": 0.137188524008,
        "mean": 0.00713537912816,
        "median": 0.00442619295791,
        "min": 2.32288587997e-22,
        "var": 7.49879109208e-05
    },
    "spectral_entropy": {
        "dmean": 0.207820996642,
        "dmean2": 0.298257440329,
        "dvar": 0.0606835000217,
        "dvar2": 0.110229797661,
        "max": 9.81634616852,
        "mean": 7.35386800766,
        "median": 7.47214841843,
        "min": 5.00395536423,
        "var": 0.396788060665
    },
    "spectral_flux": {
        "dmean": 0.0267824158072,
        "dmean2": 0.0413133054972,
        "dvar": 0.00166275107767,
        "dvar2": 0.00361412251368,
        "max": 0.488541632891,
        "mean": 0.0694410502911,
        "median": 0.0517177507281,
        "min": 6.47494211026e-11,
        "var": 0.00435363873839
    },
    "spectral_kurtosis": {
        "dmean": 2.12746500969,
        "dmean2": 3.40102601051,
        "dvar": 8.06146621704,
        "dvar2": 20.3515377045,
        "max": 54.9439506531,
        "mean": 6.37684583664,
        "median": 4.46640110016,
        "min": -1.24585652351,
        "var": 36.4169578552
    },
    "spectral_rms": {
        "dmean": 0.000851400953252,
        "dmean2": 0.00114266807213,
        "dvar": 1.70176542724e-06,
        "dvar2": 3.02305215882e-06,
        "max": 0.0171108115464,
        "mean": 0.00367776118219,
        "median": 0.00328076560982,
        "min": 3.18234956616e-12,
        "var": 7.69199323258e-06
    },
    "spectral_rolloff": {
        "dmean": 770.060119629,
        "dmean2": 1315.89099121,
        "dvar": 3508151.75,
        "dvar2": 8692438,
        "max": 19530.6152344,
        "mean": 1832.2487793,
        "median": 1248.92578125,
        "min": 64.599609375,
        "var": 5309689
    },
    "spectral_skewness": {
        "dmean": 0.283217698336,
        "dmean2": 0.42822688818,
        "dvar": 0.095651730895,
        "dvar2": 0.20903582871,
        "max": 6.07210588455,
        "mean": 1.8137127161,
        "median": 1.62876951694,
        "min": -0.270075500011,
        "var": 0.707521140575
    },
    "spectral_spread": {
        "dmean": 699356.375,
        "dmean2": 1047776.9375,
        "dvar": 1.19552750387e+12,
        "dvar2": 2.46472769536e+12,
        "max": 42005648,
        "mean": 4473315,
        "median": 4055979.25,
        "min": 1251407.625,
        "var": 4.6840020992e+12
    },
    "spectral_strongpeak": {
        "dmean": 0.446464776993,
        "dmean2": 0.74773401022,
        "dvar": 0.66776496172,
        "dvar2": 1.71770656109,
        "max": 17.0109634399,
        "mean": 0.873575747013,
        "median": 0.50967502594,
        "min": 0,
        "var": 1.49040842056
    },
    "zerocrossingrate": {
        "dmean": 0.0153698530048,
        "dmean2": 0.0180481411517,
        "dvar": 0.000533304351848,
        "dvar2": 0.000713675050065,
        "max": 0.53369140625,
        "mean": 0.0676470920444,
        "median": 0.05517578125,
        "min": 0.001953125,
        "var": 0.00299568427727
    },
    "barkbands": {
        "dmean": [0.000278299063211, 0.00637110276148, 0.000824558723252, 0.000526545802131, 0.00148386182263, 0.00042347368435, 0.000560483720619, 0.000364333944162, 0.000614832853898, 0.000718364841305, 0.000751043844502, 0.000364199833712, 0.000310204894049, 0.000473781576147, 0.000334184063831, 0.00025490616099, 0.000243183763814, 0.000292031298159, 0.000213727602386, 0.000170570390765, 0.000111680579721, 8.53830642882e-05, 7.52681371523e-05, 4.4182423153e-05, 3.84678642149e-05, 0.000124658312416, 5.90520612604e-05],
        "dmean2": [0.000395193608711, 0.00947338342667, 0.00136272620875, 0.000844524416607, 0.00219999649562, 0.000649736670312, 0.000883352244273, 0.000579499814194, 0.000974769005552, 0.00120936182793, 0.00128919433337, 0.000607268884778, 0.000548508716747, 0.000783764990047, 0.000561270688195, 0.000432538479799, 0.000404222431825, 0.000503773975652, 0.000359256402589, 0.000265795970336, 0.000172003885382, 0.000127350227558, 0.000108563261165, 6.44988031127e-05, 5.99932063778e-05, 0.000210976344533, 0.000102729332866],
        "dvar": [8.57299085055e-07, 0.000516713247634, 6.84421866026e-06, 3.05743333229e-06, 1.40093088703e-05, 1.21566517919e-06, 1.33109153921e-06, 9.84996745501e-07, 2.70893997367e-06, 3.94927610614e-06, 5.38863059774e-06, 1.37370091124e-06, 1.46234981457e-06, 2.10644907384e-06, 9.97874849418e-07, 5.51532536974e-07, 4.72971890986e-07, 8.33883063933e-07, 7.74194120368e-07, 2.4981031288e-07, 9.76320677637e-08, 1.35594021344e-07, 7.86717038181e-08, 2.0250581656e-08, 1.09411057991e-08, 1.97392850509e-07, 5.24367536059e-08],
        "dvar2": [1.78511322702e-06, 0.00111273943912, 1.85997578228e-05, 7.49473929318e-06, 2.8702617783e-05, 2.53681787399e-06, 3.30988541464e-06, 2.37735457631e-06, 6.67376707497e-06, 1.02675930975e-05, 1.46235697684e-05, 3.41132681569e-06, 4.05364880862e-06, 5.36554716746e-06, 2.58846989709e-06, 1.39392250276e-06, 1.17829324608e-06, 2.27746613746e-06, 2.10309349313e-06, 5.8763208699e-07, 2.17445332851e-07, 2.81168979654e-07, 1.49591883769e-07, 3.82637672658e-08, 2.58618939597e-08, 5.0309205335e-07, 1.37405677947e-07],
        "max": [0.0162231307477, 0.282583922148, 0.049434274435, 0.0547145679593, 0.127522483468, 0.0304204113781, 0.0264814216644, 0.0316880792379, 0.0491452477872, 0.0436013154685, 0.0469262525439, 0.0293586738408, 0.0263334196061, 0.037951875478, 0.0292049534619, 0.014730958268, 0.0157204736024, 0.0130473645404, 0.0146769955754, 0.0102075664327, 0.0097626009956, 0.0150005621836, 0.0113306352869, 0.00553357321769, 0.0015661107609, 0.00594161218032, 0.00291620823555],
        "mean": [0.000381929217838, 0.00731089245528, 0.00112755515147, 0.000796315085609, 0.00286448257975, 0.000755320070311, 0.000982545083389, 0.000577979313675, 0.0009663652163, 0.00100796110928, 0.00091464369325, 0.000448593345936, 0.000322725129081, 0.000717262912076, 0.000415710703237, 0.000297335820505, 0.000296860962408, 0.000337656994816, 0.000254248006968, 0.000261175766354, 0.000175330977072, 0.000147191225551, 0.000136723014293, 7.38928865758e-05, 4.58881586383e-05, 9.20532402233e-05, 3.97127150791e-05],
        "median": [5.5408299886e-06, 8.25792958494e-05, 6.27984336461e-05, 0.000102394245914, 0.00062359625008, 0.000241804984398, 0.000412283174228, 0.000137331415317, 0.000176853645826, 0.00010663663852, 7.63407660997e-05, 6.92956818966e-05, 3.26253721141e-05, 3.70466950699e-05, 4.59556104033e-05, 3.35830773111e-05, 3.76786192646e-05, 5.06707074237e-05, 3.44893851434e-05, 3.56942618964e-05, 2.40752997342e-05, 2.22490725719e-05, 1.99274381885e-05, 1.2039216017e-05, 7.28540999262e-06, 2.21699997383e-06, 6.57625918166e-08],
        "min": [7.41085615256e-25, 3.35516939702e-24, 1.1865653278e-24, 4.31898269051e-24, 1.7023037733e-23, 1.09605596349e-23, 5.74243249574e-24, 7.61573733193e-24, 3.25019496639e-23, 2.27018517522e-23, 1.90050570683e-23, 2.74875016773e-23, 3.40059066688e-23, 5.91776314282e-23, 4.51944155509e-23, 4.93011749363e-23, 8.48533878189e-23, 1.24367859702e-22, 1.77567263376e-22, 2.23251119787e-22, 3.27548376442e-22, 3.75612295623e-22, 4.70579789015e-22, 6.21528588286e-22, 1.00763523306e-21, 1.43042741878e-21, 1.84686206718e-21],
        "var": [1.40380620905e-06, 0.000630684720818, 8.78637820279e-06, 6.71942734698e-06, 3.68049586541e-05, 3.09371625917e-06, 2.35799961956e-06, 1.65757978721e-06, 4.71739394925e-06, 7.65631193644e-06, 7.38830476621e-06, 2.25380972552e-06, 1.48545973389e-06, 4.63383094029e-06, 1.30438411361e-06, 6.79759466493e-07, 7.18859553217e-07, 7.23475068298e-07, 6.55116537018e-07, 3.82738193139e-07, 2.30865367712e-07, 3.4300157381e-07, 2.59725936758e-07, 6.46458389042e-08, 1.43244989204e-08, 1.4905204182e-07, 3.68189070343e-08]
    },
    "erbbands": {
        "dmean": [0.214920699596, 1.35885798931, 1.30611407757, 1.14025974274, 3.62961578369, 5.67752838135, 3.82021594048, 3.40756773949, 6.18188047409, 9.27077865601, 9.79128360748, 12.9494533539, 18.8909187317, 26.8027744293, 21.1707458496, 13.6208076477, 13.2862710953, 18.1425704956, 20.723449707, 17.7167415619, 12.018699646, 13.8146848679, 15.7789745331, 12.593421936, 9.6441078186, 7.83541440964, 6.13410902023, 3.19027376175, 3.13836026192, 2.56139373779, 2.1022233963, 1.04409813881, 0.728116691113, 0.386318951845, 0.300402909517, 0.295285761356, 0.258056044579, 0.119961686432, 0.00787588208914, 0.000126472834381],
        "dmean2": [0.316160321236, 2.08541488647, 2.09781980515, 1.81436502934, 5.51137065887, 8.45771312714, 5.71861028671, 5.33823919296, 9.81020355225, 14.6572647095, 15.0858430862, 20.9784259796, 31.5654830933, 46.3120689392, 36.1707420349, 22.637638092, 23.0691223145, 30.5834655762, 33.9040641785, 29.75, 20.0944099426, 23.1265640259, 27.2480792999, 21.2290706635, 15.9004440308, 12.1733570099, 9.64367866516, 4.80965232849, 4.65289449692, 3.76746797562, 3.03465175629, 1.50329291821, 1.10180544853, 0.587981581688, 0.478160113096, 0.492795169353, 0.436851561069, 0.206810221076, 0.0137459067628, 0.00021487295453],
        "dvar": [0.602188587189, 25.0823154449, 19.567773819, 11.6409578323, 91.1620407104, 254.898132324, 173.968948364, 82.0165557861, 234.546203613, 368.948242188, 694.855407715, 1511.75500488, 2471.2019043, 6024.69287109, 4154.98193359, 2100.75830078, 2471.97338867, 3383.05004883, 3753.37890625, 2434.32543945, 1378.56066895, 1530.37512207, 2543.24755859, 2319.96875, 1665.61706543, 457.719970703, 308.021820068, 100.081336975, 200.821807861, 84.9457778931, 71.6445465088, 13.7902641296, 4.97838544846, 1.0006518364, 0.798756480217, 1.0620405674, 0.878526449203, 0.199358165264, 0.000946673855651, 1.97987816364e-07],
        "dvar2": [1.3391109705, 55.3010482788, 50.2925338745, 28.1348247528, 203.348632812, 528.240966797, 294.336242676, 180.309890747, 584.332641602, 914.880371094, 1615.75341797, 3769.48632812, 6209.09667969, 16479.625, 11126.2041016, 5177.18261719, 6794.77880859, 8701.40234375, 9353.57910156, 6323.79394531, 3489.29125977, 3862.59716797, 6927.84423828, 6380.97802734, 4426.17675781, 1061.82458496, 691.400817871, 229.297851562, 409.627807617, 157.669799805, 134.761138916, 25.2592220306, 10.6765766144, 2.20654797554, 1.94972467422, 2.67017769814, 2.25937318802, 0.517703413963, 0.00247634993866, 5.13634915933e-07],
        "max": [9.59364318848, 65.6295700073, 82.0430679321, 102.893096924, 208.064956665, 609.319641113, 800.630371094, 283.197113037, 440.025817871, 664.883483887, 981.433898926, 1486.96044922, 1290.22460938, 1649.01940918, 1320.73950195, 1257.515625, 1106.39196777, 1708.02648926, 1468.83850098, 1540.74060059, 1015.81732178, 1044.81787109, 692.731506348, 719.725524902, 799.705078125, 545.011169434, 566.626159668, 354.506439209, 710.016052246, 404.432922363, 362.52041626, 134.962402344, 81.397102356, 25.2186355591, 10.0774040222, 12.6988315582, 15.6062679291, 5.18378639221, 0.33321622014, 0.00475917989388],
        "mean": [0.241999804974, 1.49139750004, 1.71699297428, 2.02455806732, 6.1356086731, 11.0311965942, 7.22539758682, 5.91951131821, 10.7571640015, 15.3062105179, 17.9677124023, 18.9007530212, 28.075378418, 35.9924659729, 25.3106994629, 17.7264442444, 15.3175392151, 25.8483314514, 31.34466362, 23.0020103455, 15.6107387543, 17.5438957214, 18.401140213, 15.2103614807, 11.9524116516, 12.6263456345, 9.67924308777, 5.16561937332, 5.32894945145, 4.73495531082, 3.72302007675, 1.78297400475, 1.14949786663, 0.551007449627, 0.308566004038, 0.24020254612, 0.186294153333, 0.082927107811, 0.00530313467607, 0.000106194078398],
        "median": [0.00166607403662, 0.0216628015041, 0.0899118110538, 0.32984495163, 1.32825005054, 2.01194262505, 1.86112332344, 2.2889688015, 4.19929552078, 5.94918203354, 4.09929800034, 3.66941213608, 3.86508870125, 4.03614473343, 3.04159593582, 2.8002383709, 1.87222385406, 1.8024045229, 2.62101006508, 2.77279424667, 2.04037880898, 2.42238521576, 2.83487653732, 2.49716615677, 1.73309838772, 1.6707226038, 1.24053692818, 0.877533733845, 0.811672210693, 0.669934868813, 0.532067000866, 0.27741459012, 0.192899659276, 0.106124453247, 0.033777743578, 0.0115817533806, 0.00362671958283, 0.000561499211472, 2.44082857535e-05, 1.62985488714e-05],
        "min": [2.77356905709e-22, 5.26930307042e-22, 1.37145656988e-21, 1.14955293055e-20, 4.49223049867e-20, 4.20015948672e-20, 6.89658669165e-20, 1.21127352894e-19, 9.7614020199e-20, 4.46016303276e-19, 1.77671106047e-19, 7.6285909982e-19, 5.91369359394e-19, 1.7394667364e-18, 8.73536537864e-19, 9.37966773149e-19, 1.67587588265e-18, 2.86498906203e-18, 3.06950636656e-18, 2.89238507712e-18, 2.97104354273e-18, 5.69431588631e-18, 8.01916779566e-18, 8.89482946392e-18, 1.13762712127e-17, 1.03030399367e-17, 1.16382318681e-17, 1.10968851706e-17, 1.20122746693e-17, 1.33538474719e-17, 1.29626324012e-17, 1.29381238668e-17, 1.07168808787e-17, 8.37241444907e-18, 6.69337511757e-18, 5.01235262055e-18, 2.48721919179e-18, 1.11493710212e-18, 2.64981131226e-19, 2.6625672451e-20],
        "var": [0.715517580509, 28.0613632202, 22.2082843781, 32.0073814392, 169.995452881, 698.211975098, 523.920471191, 165.010498047, 347.691925049, 656.319335938, 1502.4609375, 2075.24316406, 5257.70410156, 8705.21972656, 5041.64746094, 3513.09155273, 2766.84326172, 5918.65722656, 7453.62402344, 3218.74829102, 2041.5456543, 2206.85717773, 2214.33666992, 1870.43261719, 1460.24719238, 860.929382324, 696.093200684, 205.654937744, 491.67388916, 281.766143799, 224.000518799, 44.384475708, 13.4145965576, 2.10447192192, 0.790208756924, 0.838001847267, 0.651133179665, 0.143321886659, 0.000665926549118, 1.46053395156e-07]
    },
    "gfcc": {
        "mean": [-88.1605834961, 81.720413208, -120.74596405, 13.4502439499, -69.0733718872, 5.52423667908, -34.4429626465, 6.98472929001, -24.4247741699, 1.18552005291, -17.2520027161, 1.00278866291, -11.1088809967],
        "cov": [[26535.0039062, -491.274383545, -259.561553955, 2851.23193359, 245.062667847, 111.121124268, -1026.69042969, 403.334472656, 156.993225098, -330.410797119, -323.071990967, -214.76222229, -1.08148539066], [-491.274383545, 1669.72241211, 248.838638306, 47.3905639648, 220.218032837, 72.0549545288, 119.217483521, -31.4949913025, 58.1198387146, -74.0048141479, 116.079727173, -116.743133545, 43.9606933594], [-259.561553955, 248.838638306, 1743.00854492, 484.307495117, 443.156585693, 149.56690979, 48.95362854, 121.800071716, 31.8747692108, 12.8834447861, 4.74319934845, 36.4556732178, -39.5717048645], [2851.23193359, 47.3905639648, 484.307495117, 1459.78991699, 300.664337158, 149.028198242, -213.387771606, 176.054092407, 214.059341431, -120.989006042, 8.61650371552, -115.45124054, 43.5531463623], [245.062667847, 220.218032837, 443.156585693, 300.664337158, 622.67755127, 140.982589722, 140.899169922, 161.746780396, 117.563735962, 47.9395446777, -7.15027666092, 11.1475830078, -5.85339975357], [111.121124268, 72.0549545288, 149.56690979, 149.028198242, 140.982589722, 307.500793457, 149.152359009, 76.5557937622, 87.2795562744, 45.4857635498, 29.7535591125, -19.7375297546, 1.39267539978], [-1026.69042969, 119.217483521, 48.95362854, -213.387771606, 140.899169922, 149.152359009, 425.372192383, 91.9343261719, 35.7563591003, 107.541130066, 58.4486656189, 55.4445800781, -17.8323612213], [403.334472656, -31.4949913025, 121.800071716, 176.054092407, 161.746780396, 76.5557937622, 91.9343261719, 217.81628418, 106.178634644, 50.4910240173, 12.2288331985, 19.4136638641, -3.80685925484], [156.993225098, 58.1198387146, 31.8747692108, 214.059341431, 117.563735962, 87.2795562744, 35.7563591003, 106.178634644, 233.895492554, 48.9524269104, 18.6624717712, -23.2083435059, 12.8774299622], [-330.410797119, -74.0048141479, 12.8834447861, -120.989006042, 47.9395446777, 45.4857635498, 107.541130066, 50.4910240173, 48.9524269104, 171.966079712, 35.3129882812, 36.2721862793, -11.9444885254], [-323.071990967, 116.079727173, 4.74319934845, 8.61650371552, -7.15027666092, 29.7535591125, 58.4486656189, 12.2288331985, 18.6624717712, 35.3129882812, 132.121505737, 23.7127285004, 6.02070045471], [-214.76222229, -116.743133545, 36.4556732178, -115.45124054, 11.1475830078, -19.7375297546, 55.4445800781, 19.4136638641, -23.2083435059, 36.2721862793, 23.7127285004, 125.567085266, 10.07513237], [-1.08148539066, 43.9606933594, -39.5717048645, 43.5531463623, -5.85339975357, 1.39267539978, -17.8323612213, -3.80685925484, 12.8774299622, -11.9444885254, 6.02070045471, 10.07513237, 98.9793624878]],
        "icov": [[5.78141625738e-05, -2.42728128796e-05, 5.68878822378e-05, -0.00012951354438, 1.2299366972e-05, -5.95843266638e-05, 0.000117466726806, -0.000115097464004, 0.000113094662083, -5.84986519243e-05, 0.000155901478138, -0.000102563135442, 8.86302732397e-05], [-2.42728128796e-05, 0.000926120614167, -0.000176158064278, 0.000287539733108, -0.000431237800512, 0.000197836270672, -0.000358218007023, 0.000367458735127, -0.000326470471919, 0.000773757055867, -0.00119444087613, 0.00129649706651, -0.000610701099504], [5.68878822378e-05, -0.000176158064278, 0.000866719637997, -0.000405681959819, -0.00038805953227, -0.000300097861327, 0.000240793524426, -0.000126952101709, 0.000509909936227, -0.000263987865765, 0.000344465632224, -0.000731532229111, 0.000578966981266], [-0.00012951354438, 0.000287539733108, -0.000405681959819, 0.00175743247382, -0.000490693259053, -0.000324208434904, 0.00065656012157, -0.000586429669056, -0.00101514067501, 0.00135105918162, -0.001275130664, 0.001296101138, -0.000752601248678], [1.2299366972e-05, -0.000431237800512, -0.00038805953227, -0.000490693259053, 0.00284154224209, -0.00026532553602, -0.000598440237809, -0.000977055169642, -0.000271377735771, -0.000559536798391, 0.00133636780083, -0.000757406407502, 0.000242407288169], [-5.95843266638e-05, 0.000197836270672, -0.000300097861327, -0.000324208434904, -0.00026532553602, 0.0050660809502, -0.00207715341821, 0.000256445578998, -0.000928960682359, -0.000270906544756, -0.000612117757555, 0.00163540977519, -0.000558238767553], [0.000117466726806, -0.000358218007023, 0.000240793524426, 0.00065656012157, -0.000598440237809, -0.00207715341821, 0.00481177633628, -0.00167305127252, 0.000565032532904, -0.000999987358227, -0.000602590036578, -0.00128985615447, 0.000737901660614], [-0.000115097464004, 0.000367458735127, -0.000126952101709, -0.000586429669056, -0.000977055169642, 0.000256445578998, -0.00167305127252, 0.0082346284762, -0.00253561302088, -0.000663851969875, 1.79672861123e-05, -0.00107363495044, 0.000354699761374], [0.000113094662083, -0.000326470471919, 0.000509909936227, -0.00101514067501, -0.000271377735771, -0.000928960682359, 0.000565032532904, -0.00253561302088, 0.00725819217041, -0.00229193968698, 0.000253280304605, 0.000826774106827, -0.000522376911249], [-5.84986519243e-05, 0.000773757055867, -0.000263987865765, 0.00135105918162, -0.000559536798391, -0.000270906544756, -0.000999987358227, -0.000663851969875, -0.00229193968698, 0.00927745737135, -0.00250719720498, -0.000165324672707, 0.00030778942164], [0.000155901478138, -0.00119444087613, 0.000344465632224, -0.001275130664, 0.00133636780083, -0.000612117757555, -0.000602590036578, 1.79672861123e-05, 0.000253280304605, -0.00250719720498, 0.0107594719157, -0.0033739162609, 0.000564218440559], [-0.000102563135442, 0.00129649706651, -0.000731532229111, 0.001296101138, -0.000757406407502, 0.00163540977519, -0.00128985615447, -0.00107363495044, 0.000826774106827, -0.000165324672707, -0.0033739162609, 0.0125345233828, -0.00297938403673], [8.86302732397e-05, -0.000610701099504, 0.000578966981266, -0.000752601248678, 0.000242407288169, -0.000558238767553, 0.000737901660614, 0.000354699761374, -0.000522376911249, 0.00030778942164, 0.000564218440559, -0.00297938403673, 0.0114807840437]]
    },
    "melbands": {
        "dmean": [0.00186176551506, 0.00104212143924, 0.000256500294199, 0.000354440911906, 0.000155090092449, 7.96871390776e-05, 9.73648784566e-05, 9.512618999e-05, 8.98509460967e-05, 8.11841455288e-05, 9.88819083432e-05, 0.000111375680717, 8.90782175702e-05, 3.93682566937e-05, 3.48108587787e-05, 3.29837603203e-05, 3.60505946446e-05, 3.93784139305e-05, 2.72657543974e-05, 1.98588622879e-05, 1.40815573104e-05, 1.52340426212e-05, 1.37869519676e-05, 1.49855532072e-05, 1.01869627542e-05, 7.81263224781e-06, 6.77149955663e-06, 5.13828854309e-06, 4.47717638963e-06, 2.52974018622e-06, 1.81279960998e-06, 1.90129696875e-06, 1.75482205123e-06, 1.47848345478e-06, 1.34714468913e-06, 9.25013353026e-07, 5.81294955282e-07, 5.31996818154e-07, 4.77189928461e-07, 2.89829642952e-07],
        "dmean2": [0.00274073821492, 0.0015934095718, 0.000401425553719, 0.000530821562279, 0.000230455683777, 0.000124164915178, 0.000154634180944, 0.000149877305375, 0.000137811235618, 0.000132577144541, 0.000165187433595, 0.000191653220099, 0.000152277309098, 6.72979585943e-05, 5.82789944019e-05, 5.8117446315e-05, 6.08707414358e-05, 6.4703184762e-05, 4.59289512946e-05, 3.35069817083e-05, 2.36001069425e-05, 2.53989364865e-05, 2.38235661527e-05, 2.57792980847e-05, 1.72652853507e-05, 1.2977341612e-05, 1.10755217975e-05, 7.99598183221e-06, 7.11523216523e-06, 3.9513770389e-06, 2.80684230347e-06, 2.87487182504e-06, 2.66111374003e-06, 2.21691334445e-06, 1.98373163585e-06, 1.37371114306e-06, 8.5609491407e-07, 8.13300914615e-07, 7.43584223528e-07, 4.44783580633e-07],
        "dvar": [4.41998745373e-05, 1.31080178107e-05, 4.89925071179e-07, 7.30376711999e-07, 2.85298085601e-07, 4.12554861384e-08, 5.02023205229e-08, 3.91832593039e-08, 5.73544376437e-08, 5.99748517516e-08, 6.99579061347e-08, 9.7703981794e-08, 7.16208674589e-08, 1.93186391328e-08, 1.63391504771e-08, 1.83756281302e-08, 1.30799397979e-08, 1.60049076214e-08, 7.80605091677e-09, 3.20805582099e-09, 2.43558462287e-09, 1.94690330524e-09, 1.75260261859e-09, 2.42902453707e-09, 1.56236690252e-09, 9.39217037477e-10, 6.95570878673e-10, 2.10232969922e-10, 1.65617311532e-10, 5.8992713492e-11, 3.98725288897e-11, 7.41962810635e-11, 6.61307744676e-11, 2.63746975648e-11, 3.30108614055e-11, 1.06119991267e-11, 4.86608756761e-12, 2.78777543584e-12, 1.85571610162e-12, 5.60146764042e-13],
        "dvar2": [9.61646292126e-05, 2.97141195915e-05, 1.17486740692e-06, 1.59160344992e-06, 4.95682854762e-07, 9.0041247347e-08, 1.24991260009e-07, 9.75393987801e-08, 1.31374605417e-07, 1.50097875462e-07, 1.7629942306e-07, 2.66103398872e-07, 1.9175118382e-07, 5.1056346706e-08, 4.13363210328e-08, 5.12009741271e-08, 3.30084404254e-08, 4.01485351631e-08, 2.04907184553e-08, 8.02596211713e-09, 6.09281158859e-09, 4.78313344487e-09, 4.74290340335e-09, 6.60517818218e-09, 4.30563140696e-09, 2.50037901495e-09, 1.80570525199e-09, 4.84140671997e-10, 3.92502613744e-10, 1.31830435457e-10, 9.64037044637e-11, 1.59685237255e-10, 1.4757720046e-10, 5.26253138289e-11, 6.25318130609e-11, 2.13043784003e-11, 1.0109613667e-11, 6.07084651646e-12, 4.35728840162e-12, 1.27468478481e-12],
        "max": [0.0825561359525, 0.0488630458713, 0.0189969334751, 0.0215472318232, 0.0318892784417, 0.00577898183838, 0.0061472770758, 0.00699868332595, 0.00828980468214, 0.00877861864865, 0.00664935540408, 0.00620748614892, 0.00517203193158, 0.00308510614559, 0.00396832777187, 0.00266865524463, 0.0031737794634, 0.00313854869455, 0.00296682771295, 0.00134374271147, 0.0015467669582, 0.00140299263876, 0.000743651587982, 0.00101078965236, 0.000621241983026, 0.000501250906382, 0.000575902464334, 0.000458016700577, 0.00032700347947, 0.000319329526974, 0.000218829096411, 0.000452946085716, 0.000364534003893, 0.000204584823223, 0.000223212628043, 0.000133656925755, 9.53300914261e-05, 6.4309570007e-05, 3.4686516301e-05, 2.11098777072e-05],
        "mean": [0.0021259363275, 0.0012912210077, 0.000441939395387, 0.000668336986564, 0.000299404724501, 0.000140760996146, 0.000171991414391, 0.000155091896886, 0.000163867749507, 0.000114199705422, 0.000145076526678, 0.000150281892275, 0.000108867032395, 4.34109497292e-05, 4.4911113946e-05, 3.46374035871e-05, 5.08953708049e-05, 5.84369299759e-05, 3.38071440638e-05, 2.38683096541e-05, 1.73038879439e-05, 1.9116758267e-05, 1.45967460412e-05, 1.74142278411e-05, 1.17753261293e-05, 9.1274123406e-06, 8.60274303705e-06, 8.12756661617e-06, 6.69139353704e-06, 3.76281059289e-06, 2.72601369034e-06, 3.0106664326e-06, 2.85457372229e-06, 2.6220404834e-06, 2.35878565036e-06, 1.45958927078e-06, 9.35759544518e-07, 8.14096836166e-07, 6.81655251356e-07, 3.88102705529e-07],
        "median": [1.96021373995e-05, 4.16791372118e-05, 8.49820498843e-05, 0.000142585704452, 7.06523569534e-05, 5.53030404262e-05, 7.30009196559e-05, 5.5203861848e-05, 3.15221659548e-05, 2.15099407797e-05, 1.84608379641e-05, 1.65834790096e-05, 1.0030708836e-05, 6.51439631838e-06, 5.85979023526e-06, 2.67857535619e-06, 3.13837495014e-06, 3.45147032021e-06, 3.70101861336e-06, 2.5916656341e-06, 1.82671487892e-06, 2.26912652579e-06, 2.04815569305e-06, 2.54321957982e-06, 1.80975382591e-06, 1.22144842862e-06, 1.10054497782e-06, 9.83014388112e-07, 7.98633323029e-07, 4.77964306356e-07, 4.48501737083e-07, 4.42207067408e-07, 3.65030700777e-07, 3.45122231238e-07, 3.06760483682e-07, 2.09242315918e-07, 1.36327301448e-07, 1.25096136117e-07, 1.17861411297e-07, 6.97727031707e-08],
        "min": [3.1886818807e-24, 1.13425517232e-24, 2.4156723465e-24, 4.34855156382e-24, 2.79032388685e-24, 2.64528609019e-24, 1.34802070041e-24, 6.08602875162e-24, 9.84166200667e-25, 5.61114395301e-24, 2.83932477084e-24, 6.69518004289e-24, 2.51345855824e-24, 3.72766754431e-24, 2.91765017848e-24, 3.85086750176e-24, 5.00888099517e-24, 4.45693947448e-24, 3.67514124094e-24, 3.53545487944e-24, 2.94262728967e-24, 4.6072431149e-24, 5.65231736467e-24, 6.25723050072e-24, 6.66320119951e-24, 6.52710928272e-24, 8.09741185635e-24, 6.28714173966e-24, 6.58006669858e-24, 7.95484575812e-24, 5.2583511567e-24, 6.57344302799e-24, 7.24261953439e-24, 6.79830309586e-24, 7.06964363712e-24, 6.36767102745e-24, 6.14421513199e-24, 6.96928475276e-24, 7.17622190086e-24, 6.76703580502e-24],
        "var": [5.38139101991e-05, 1.55322177307e-05, 1.09425320716e-06, 1.80850884135e-06, 8.2946138491e-07, 8.78196715348e-08, 7.82137590249e-08, 6.92754440479e-08, 1.37122398769e-07, 7.67212995356e-08, 1.49552846551e-07, 1.46553347236e-07, 9.62243902336e-08, 2.39482798037e-08, 2.69979381073e-08, 1.91991986753e-08, 2.4155193401e-08, 3.23373150479e-08, 9.99128069168e-09, 4.15045287028e-09, 3.78674158696e-09, 3.23049365036e-09, 1.45214318348e-09, 2.22656737492e-09, 1.24550714187e-09, 8.54142145901e-10, 6.72382871603e-10, 3.96030930272e-10, 3.21581067331e-10, 1.36366987147e-10, 7.23082219101e-11, 1.62567195816e-10, 1.48716691739e-10, 8.17927253705e-11, 1.02844024963e-10, 2.88400154452e-11, 1.30907897369e-11, 7.20412098032e-12, 3.94941761586e-12, 1.0169146341e-12]
    },
    "mfcc": {
        "mean": [-724.789306641, 114.746696472, 0.59788954258, 8.7976140976, -11.9933872223, -4.91069221497, -4.44429159164, 1.59382688999, -2.61076021194, -0.304271817207, -3.60417103767, -3.3025097847, -2.16753983498],
        "cov": [[20011.9101562, -704.09576416, -774.033813477, 2129.5847168, 1142.27783203, 353.110046387, -512.544799805, 210.41456604, 82.4636535645, 676.325134277, 22.6142501831, -488.566070557, -326.029602051], [-704.09576416, 1784.14038086, 176.592254639, -75.1000061035, 63.3595962524, 51.5834159851, 201.126174927, 42.5214347839, 44.0172157288, -39.6906051636, 60.1793403625, 73.6388168335, 31.1838283539], [-774.033813477, 176.592254639, 1078.50195312, 296.905181885, 281.635009766, 121.382194519, 107.212898254, 61.2846336365, 41.8969917297, -51.918510437, 34.3471679688, 90.1495361328, 26.8261985779], [2129.5847168, -75.1000061035, 296.905181885, 974.122009277, 577.240966797, 137.629211426, -2.16445493698, 109.132591248, 82.8264846802, 122.119590759, 52.912322998, -39.6147041321, -2.75602960587], [1142.27783203, 63.3595962524, 281.635009766, 577.240966797, 657.958129883, 161.532699585, 9.27829170227, 90.2043762207, 101.599082947, 120.759086609, 57.4715042114, -26.6419277191, -4.56069421768], [353.110046387, 51.5834159851, 121.382194519, 137.629211426, 161.532699585, 262.038330078, 97.2882537842, 72.5231018066, 77.7448348999, 98.5046768188, 60.9785728455, 13.1583137512, 12.0250501633], [-512.544799805, 201.126174927, 107.212898254, -2.16445493698, 9.27829170227, 97.2882537842, 282.386383057, 103.163902283, 55.1756324768, 13.0343637466, 55.7595252991, 65.5120010376, 50.7558174133], [210.41456604, 42.5214347839, 61.2846336365, 109.132591248, 90.2043762207, 72.5231018066, 103.163902283, 193.917053223, 88.2792663574, 53.6281051636, 48.1308517456, 44.6534156799, 42.3711509705], [82.4636535645, 44.0172157288, 41.8969917297, 82.8264846802, 101.599082947, 77.7448348999, 55.1756324768, 88.2792663574, 191.536575317, 90.7176818848, 46.0099105835, 36.3559989929, 25.8451766968], [676.325134277, -39.6906051636, -51.918510437, 122.119590759, 120.759086609, 98.5046768188, 13.0343637466, 53.6281051636, 90.7176818848, 219.065078735, 94.185256958, 2.30243301392, 8.17135429382], [22.6142501831, 60.1793403625, 34.3471679688, 52.912322998, 57.4715042114, 60.9785728455, 55.7595252991, 48.1308517456, 46.0099105835, 94.185256958, 142.931869507, 49.9821357727, 25.6773586273], [-488.566070557, 73.6388168335, 90.1495361328, -39.6147041321, -26.6419277191, 13.1583137512, 65.5120010376, 44.6534156799, 36.3559989929, 2.30243301392, 49.9821357727, 145.189483643, 64.8382873535], [-326.029602051, 31.1838283539, 26.8261985779, -2.75602960587, -4.56069421768, 12.0250501633, 50.7558174133, 42.3711509705, 25.8451766968, 8.17135429382, 25.6773586273, 64.8382873535, 122.35622406]],
