{
"lowlevel": {
    "average_loudness": 0.738004207611,
    "barkbands_crest": {
        "dmean": 3.0320687294,
        "dmean2": 4.75356960297,
        "dvar": 9.45230960846,
        "dvar2": 20.4566669464,
        "max": 26.4191246033,
        "mean": 11.4656953812,
        "median": 10.2318124771,
        "min": 2.49609494209,
        "stdev": 5.41432619095,
        "var": 29.3149280548
    },
    "barkbands_flatness_db": {
        "dmean": 0.0282649751753,
        "dmean2": 0.0408976599574,
        "dvar": 0.00101797690149,
        "dvar2": 0.00192384340335,
        "max": 0.486987262964,
        "mean": 0.158701211214,
        "median": 0.139958530664,
        "min": 0.0171833410859,
        "stdev": 0.0748666599393,
        "var": 0.00560501636937
    },
    "barkbands_kurtosis": {
        "dmean": 7.4377245903,
        "dmean2": 11.7866067886,
        "dvar": 738.254882812,
        "dvar2": 1846.13208008,
        "max": 1103.74487305,
        "mean": 9.357462883,
        "median": 2.10021257401,
        "min": -1.93788158894,
        "stdev": 27.8110332489,
        "var": 773.453613281
    },
    "barkbands_skewness": {
        "dmean": 0.838678896427,
        "dmean2": 1.25227069855,
        "dvar": 1.48093438148,
        "dvar2": 3.14276027679,
        "max": 25.9688644409,
        "mean": 1.67878448963,
        "median": 1.16833782196,
        "min": -4.36654806137,
        "stdev": 1.99363398552,
        "var": 3.97457647324
    },
    "barkbands_spread": {
        "dmean": 7.24186420441,
        "dmean2": 11.1126403809,
        "dvar": 129.490020752,
        "dvar2": 286.606445312,
        "max": 121.310470581,
        "mean": 19.3315734863,
        "median": 15.3726196289,
        "min": 0.150456339121,
        "stdev": 16.6966876984,
        "var": 278.779388428
    },
    "dissonance": {
        "dmean": 0.025911308825,
        "dmean2": 0.0438294485211,
        "dvar": 0.000720867014024,
        "dvar2": 0.00202812603675,
        "max": 0.5,
        "mean": 0.449527919292,
        "median": 0.46059986949,
        "min": 0.193417474627,
        "stdev": 0.0423276461661,
        "var": 0.00179162959103
    },
    "dynamic_complexity": 6.78919649124,
    "erbbands_crest": {
        "dmean": 2.76193571091,
        "dmean2": 4.45803451538,
        "dvar": 6.58010435104,
        "dvar2": 16.0956134796,
        "max": 29.5077495575,
        "mean": 9.89417171478,
        "median": 8.98594665527,
        "min": 2.4802069664,
        "stdev": 4.33713340759,
        "var": 18.8107280731
    },
    "erbbands_flatness_db": {
        "dmean": 0.0217961315066,
        "dmean2": 0.031607940793,
        "dvar": 0.000496788241435,
        "dvar2": 0.00098198861815,
        "max": 0.420349687338,
        "mean": 0.181832909584,
        "median": 0.173284456134,
        "min": 0.0261715333909,
        "stdev": 0.064329020679,
        "var": 0.00413822289556
    },
    "erbbands_kurtosis": {
        "dmean": 1.57398283482,
        "dmean2": 2.462454319,
        "dvar": 7.41984415054,
        "dvar2": 15.7443113327,
        "max": 80.0305252075,
        "mean": 1.7146846056,
        "median": 0.391246318817,
        "min": -1.86135601997,
        "stdev": 4.49604225159,
        "var": 20.2143955231
    },
    "erbbands_skewness": {
        "dmean": 0.483623445034,
        "dmean2": 0.732651174068,
        "dvar": 0.244688570499,
        "dvar2": 0.519329965115,
        "max": 8.31571960449,
        "mean": 0.472824633121,
        "median": 0.433871686459,
        "min": -5.52273130417,
        "stdev": 1.03449106216,
        "var": 1.07017183304
    },
    "erbbands_spread": {
        "dmean": 9.09533691406,
        "dmean2": 14.0116634369,
        "dvar": 149.723495483,
        "dvar2": 347.488677979,
        "max": 161.592712402,
        "mean": 33.3015441895,
        "median": 28.584356308,
        "min": 1.85721790791,
        "stdev": 21.5567436218,
        "var": 464.69317627
    },
    "hfc": {
        "dmean": 9.78195762634,
        "dmean2": 15.281662941,
        "dvar": 480.874572754,
        "dvar2": 1167.30908203,
        "max": 267.507965088,
        "mean": 17.7375125885,
        "median": 6.59600877762,
        "min": 1.06958364113e-16,
        "stdev": 26.9922428131,
        "var": 728.581176758
    },
    "loudness_ebu128": {
        "integrated": -14.2692661285,
        "loudness_range": 13.4136238098,
        "momentary": {
            "dmean": 0.819933235645,
            "dmean2": 1.06133437157,
            "dvar": 0.856812655926,
            "dvar2": 1.40636920929,
            "max": -9.38586997986,
            "mean": -19.5462684631,
            "median": -15.3993005753,
            "min": -96.2890548706,
            "stdev": 11.8321990967,
            "var": 140.000946045
        },
        "short_term": {
            "dmean": 0.140179917216,
            "dmean2": 0.147580593824,
            "dvar": 0.0284464992583,
            "dvar2": 0.0275392122567,
            "max": -10.5029115677,
            "mean": -18.3623180389,
            "median": -14.9318275452,
            "min": -78.3235778809,
            "stdev": 9.85148143768,
            "var": 97.0516891479
        }
    },
    "melbands_crest": {
        "dmean": 3.49339294434,
        "dmean2": 5.31991529465,
        "dvar": 10.9666519165,
        "dvar2": 24.2184925079,
        "max": 34.3568305969,
        "mean": 14.4548006058,
        "median": 13.0441598892,
        "min": 1.77855157852,
        "stdev": 6.43823766708,
        "var": 41.4509048462
    },
    "melbands_flatness_db": {
        "dmean": 0.0333402268589,
        "dmean2": 0.0474226586521,
        "dvar": 0.00155907939188,
        "dvar2": 0.00285375257954,
        "max": 0.63512724638,
        "mean": 0.217703074217,
        "median": 0.196585744619,
        "min": 0.00461890501902,
        "stdev": 0.0966808125377,
        "var": 0.00934717897326
    },
    "melbands_kurtosis": {
        "dmean": 11.6642713547,
        "dmean2": 18.3265132904,
        "dvar": 848.281860352,
        "dvar2": 1979.00512695,
        "max": 648.754089355,
        "mean": 18.059387207,
        "median": 4.99882745743,
        "min": -1.93360066414,
        "stdev": 35.997543335,
        "var": 1295.82312012
    },
    "melbands_skewness": {
        "dmean": 0.927192687988,
        "dmean2": 1.40195727348,
        "dvar": 1.52327823639,
        "dvar2": 3.29762434959,
        "max": 16.2532081604,
        "mean": 2.48051929474,
        "median": 1.86795687675,
        "min": -2.09807705879,
        "stdev": 2.34309458733,
        "var": 5.49009180069
    },
    "melbands_spread": {
        "dmean": 8.17952537537,
        "dmean2": 12.2400054932,
        "dvar": 161.330413818,
        "dvar2": 314.872009277,
        "max": 226.919815063,
        "mean": 23.0347576141,
        "median": 17.0618801117,
        "min": 0.259201318026,
        "stdev": 23.7431221008,
        "var": 563.735839844
    },
    "pitch_salience": {
        "dmean": 0.0804900750518,
        "dmean2": 0.126349285245,
        "dvar": 0.00669466052204,
        "dvar2": 0.0145462984219,
        "max": 0.885327637196,
        "mean": 0.520392715931,
        "median": 0.527369499207,
        "min": 0.0585952959955,
        "stdev": 0.13841983676,
        "var": 0.0191600508988
    },
    "silence_rate_20dB": {
        "dmean": 0,
        "dmean2": 0,
        "dvar": 0,
        "dvar2": 0,
        "max": 1,
        "mean": 1,
        "median": 1,
        "min": 1,
        "stdev": 0,
        "var": 0
    },
    "silence_rate_30dB": {
        "dmean": 0.038100939244,
        "dmean2": 0.0762094780803,
        "dvar": 0.0366532616317,
        "dvar2": 0.0799727812409,
        "max": 1,
        "mean": 0.962002575397,
        "median": 1,
        "min": 0,
        "stdev": 0.191183030605,
        "var": 0.0365509539843
    },
    "silence_rate_60dB": {
        "dmean": 0.0396967865527,
        "dmean2": 0.0794014930725,
        "dvar": 0.0381243005395,
        "dvar2": 0.0832650065422,
        "max": 1,
        "mean": 0.25221902132,
        "median": 0,
        "min": 0,
        "stdev": 0.434277653694,
        "var": 0.188597068191
    },
    "spectral_centroid": {
        "dmean": 271.298065186,
        "dmean2": 403.963562012,
        "dvar": 132919.46875,
        "dvar2": 255774.390625,
        "max": 11468.6474609,
        "mean": 1335.58789062,
        "median": 1180.71472168,
        "min": 129.223907471,
        "stdev": 855.450439453,
        "var": 731795.5
    },
    "spectral_complexity": {
        "dmean": 3.55954527855,
        "dmean2": 5.36538648605,
        "dvar": 30.100227356,
        "dvar2": 57.7075424194,
        "max": 61,
        "mean": 12.8771314621,
        "median": 9,
        "min": 0,
        "stdev": 11.0027780533,
        "var": 121.061134338
    },
    "spectral_decrease": {
        "dmean": 2.65068234029e-09,
        "dmean2": 3.7270830866e-09,
        "dvar": 3.6416788595e-17,
        "dvar2": 7.27539362407e-17,
        "max": 2.4639446039e-10,
        "mean": -5.33734034747e-09,
        "median": -2.63157318159e-09,
        "min": -7.6237526514e-08,
        "stdev": 8.39291391941e-09,
        "var": 7.04410068991e-17
    },
    "spectral_energy": {
        "dmean": 0.0105356853455,
        "dmean2": 0.01481372118,
        "dvar": 0.000531300436705,
        "dvar2": 0.00106076034717,
        "max": 0.289775460958,
        "mean": 0.0217532161623,
        "median": 0.0110521847382,
        "min": 1.02049151002e-20,
        "stdev": 0.0327067486942,
        "var": 0.00106973131187
    },
    "spectral_energyband_high": {
        "dmean": 0.000544071372133,
        "dmean2": 0.000827908806968,
        "dvar": 1.87098919469e-06,
        "dvar2": 3.96891346099e-06,
        "max": 0.029059374705,
        "mean": 0.000833621656056,
        "median": 0.000141890574014,
        "min": 7.43512182166e-21,
        "stdev": 0.00197875499725,
        "var": 3.91547155232e-06
    },
    "spectral_energyband_low": {
        "dmean": 0.00705813523382,
        "dmean2": 0.0102002276108,
        "dvar": 0.000547177914996,
        "dvar2": 0.00113591819536,
        "max": 0.280974298716,
        "mean": 0.00919760484248,
        "median": 0.000279106956441,
        "min": 3.54450792607e-23,
        "stdev": 0.0276681669056,
        "var": 0.000765527482145
    },
    "spectral_energyband_middle_high": {
        "dmean": 0.00281672878191,
        "dmean2": 0.00468969112262,
        "dvar": 5.11852704221e-05,
        "dvar2": 0.000136680027936,
        "max": 0.0859741717577,
        "mean": 0.00507183279842,
        "median": 0.00100454059429,
        "min": 1.30643605399e-21,
        "stdev": 0.00939203705639,
        "var": 8.82103558979e-05
    },
    "spectral_energyband_middle_low": {
        "dmean": 0.00296151894145,
        "dmean2": 0.00443543866277,
        "dvar": 2.79548166873e-05,
        "dvar2": 6.01688989263e-05,
        "max": 0.139372348785,
        "mean": 0.00714546022937,
        "median": 0.00442050117999,
        "min": 1.67572799604e-22,
        "stdev": 0.00867488142103,
        "var": 7.52535634092e-05
    },
    "spectral_entropy": {
        "dmean": 0.209130629897,
        "dmean2": 0.300177961588,
        "dvar": 0.0619353912771,
        "dvar2": 0.11294285953,
        "max": 9.81888484955,
        "mean": 7.34755086899,
        "median": 7.46330881119,
        "min": 5.01478004456,
        "stdev": 0.628064870834,
        "var": 0.394465446472
    },
    "spectral_flux": {
        "dmean": 0.0268681105226,
        "dmean2": 0.0414924398065,
        "dvar": 0.00167129968759,
        "dvar2": 0.00363808870316,
        "max": 0.49428191781,
        "mean": 0.0692641064525,
        "median": 0.0514980405569,
        "min": 6.46913911329e-11,
        "stdev": 0.0659862235188,
        "var": 0.00435418123379
    },
    "spectral_kurtosis": {
        "dmean": 2.12028503418,
        "dmean2": 3.38040947914,
        "dvar": 7.90825510025,
        "dvar2": 19.6714839935,
        "max": 54.8491477966,
        "mean": 6.63642835617,
        "median": 4.6331744194,
        "min": -1.23075568676,
        "stdev": 6.27403354645,
        "var": 39.363494873
    },
    "spectral_rms": {
        "dmean": 0.000851080345456,
        "dmean2": 0.00114287366159,
        "dvar": 1.7019842744e-06,
        "dvar2": 3.01555292026e-06,
        "max": 0.0168139152229,
        "mean": 0.00367786013521,
        "median": 0.0032836899627,
        "min": 3.15531520183e-12,
        "stdev": 0.00277416245081,
        "var": 7.69597772887e-06
    },
    "spectral_rolloff": {
        "dmean": 785.922424316,
        "dmean2": 1349.24743652,
        "dvar": 3868479.5,
        "dvar2": 9696041,
        "max": 19229.1503906,
        "mean": 1754.5612793,
        "median": 1248.92578125,
        "min": 64.599609375,
        "stdev": 2141.01733398,
        "var": 4583955
    },
    "spectral_skewness": {
        "dmean": 0.281059503555,
        "dmean2": 0.423728317022,
        "dvar": 0.0959898233414,
        "dvar2": 0.208838820457,
        "max": 6.05018854141,
        "mean": 1.83876752853,
        "median": 1.6506755352,
        "min": -0.265429794788,
        "stdev": 0.857012927532,
        "var": 0.734471201897
    },
    "spectral_spread": {
        "dmean": 702363.375,
        "dmean2": 1054138.75,
        "dvar": 1.23590816563e+12,
        "dvar2": 2.50970085786e+12,
        "max": 41735700,
        "mean": 4454684.5,
        "median": 4031880.75,
        "min": 1275914.125,
        "stdev": 2163467.25,
        "var": 4.6805900329e+12
    },
    "spectral_strongpeak": {
        "dmean": 0.439696341753,
        "dmean2": 0.731729030609,
        "dvar": 0.631304442883,
        "dvar2": 1.61236226559,
        "max": 16.677822113,
        "mean": 0.872844576836,
        "median": 0.508623957634,
        "min": 0,
        "stdev": 1.2109798193,
        "var": 1.46647202969
    },
    "zerocrossingrate": {
        "dmean": 0.0154255190864,
        "dmean2": 0.0181887075305,
        "dvar": 0.00056541187223,
        "dvar2": 0.000774123705924,
        "max": 0.51171875,
        "mean": 0.0655044838786,
        "median": 0.0546875,
        "min": 0.001953125,
        "stdev": 0.0489144809544,
        "var": 0.00239262636751
    },
    "barkbands": {
        "dmean": [0.000278204068309, 0.00636679539457, 0.000826199539006, 0.00052445550682, 0.00148261280265, 0.000423919118475, 0.000563025008887, 0.000362092250725, 0.00061600015033, 0.000715411035344, 0.000742623116821, 0.000361112324754, 0.000307760725264, 0.000466164929094, 0.000330377661157, 0.000253386475379, 0.000242445035838, 0.000290423893603, 0.000211358230445, 0.000167457823409, 0.000109222106403, 8.21268622531e-05, 7.25654826965e-05, 4.17874580307e-05, 3.61857819371e-05, 0.000118910778838, 8.48953568493e-05],
        "dmean2": [0.000393305643229, 0.00945948716253, 0.00136627187021, 0.000838588341139, 0.00218864833005, 0.000649657740723, 0.000886065419763, 0.000576007703785, 0.000978582305834, 0.00120334164239, 0.00127561611589, 0.000599485938437, 0.00054476573132, 0.000772324157879, 0.000553283374757, 0.000430482876254, 0.000406344683142, 0.000500378955621, 0.000354051357135, 0.00026003055973, 0.000168254249729, 0.000122174969874, 0.000105211576738, 6.11016366747e-05, 5.70662668906e-05, 0.00020372880681, 0.000145791345858],
        "dvar": [8.50848095979e-07, 0.000514204497449, 6.88953468853e-06, 3.04740888168e-06, 1.41407163028e-05, 1.2105111864e-06, 1.33703986194e-06, 9.55372570388e-07, 2.72214265351e-06, 3.87558293369e-06, 5.30024635736e-06, 1.33679600367e-06, 1.43819022469e-06, 2.01509101316e-06, 9.41893347317e-07, 5.46488195141e-07, 4.89114825086e-07, 8.2182219785e-07, 7.57459190481e-07, 2.43858295335e-07, 9.27676566675e-08, 1.2627134538e-07, 7.44019459376e-08, 1.76753793824e-08, 9.87339721092e-09, 1.848118103e-07, 1.01204129521e-07],
        "dvar2": [1.77325512141e-06, 0.00110331247561, 1.87510322576e-05, 7.46619616621e-06, 2.88972623821e-05, 2.5407512112e-06, 3.3307708236e-06, 2.3039028747e-06, 6.68438224238e-06, 1.0030184967e-05, 1.43453817145e-05, 3.29877366312e-06, 3.99415011998e-06, 5.10835207024e-06, 2.43424187829e-06, 1.37444646953e-06, 1.22779908907e-06, 2.23653296416e-06, 2.06150298254e-06, 5.76370609906e-07, 2.05711174317e-07, 2.58915633822e-07, 1.42087586141e-07, 3.30002514204e-08, 2.37432473682e-08, 4.78961339923e-07, 2.62237051629e-07],
        "max": [0.0155892316252, 0.273236513138, 0.048501521349, 0.056044369936, 0.129893928766, 0.0305670015514, 0.0251927524805, 0.0308975204825, 0.0496246851981, 0.0423946939409, 0.0459302328527, 0.0303462129086, 0.0236790254712, 0.0370003953576, 0.0278852768242, 0.0139830661938, 0.0172464679927, 0.0126409204677, 0.0144080910832, 0.00989030394703, 0.00918537843972, 0.0151368267834, 0.0116489343345, 0.00495906500146, 0.00155457702931, 0.00640766788274, 0.00372941954993],
        "mean": [0.000380811252398, 0.007322141435, 0.00112917460501, 0.000796063337475, 0.00287071964704, 0.000755432993174, 0.000985499704257, 0.000577598810196, 0.000968160224147, 0.00100669020321, 0.000910314905923, 0.00044577231165, 0.000320908613503, 0.000714884605259, 0.000417595612817, 0.000299537990941, 0.000296442391118, 0.000338659214322, 0.000252346042544, 0.000259550724877, 0.000172775413375, 0.000142944292747, 0.00013254127407, 6.99411757523e-05, 4.25879516115e-05, 8.58450512169e-05, 5.82497596042e-05],
        "median": [5.4896850088e-06, 8.23072477942e-05, 6.34931493551e-05, 0.000102375604911, 0.000627957109828, 0.000242898837314, 0.000416436931118, 0.000137338021887, 0.000177471563802, 0.000105516948679, 7.73857609602e-05, 6.93335823598e-05, 3.256668424e-05, 3.73145630874e-05, 4.68449761684e-05, 3.47557506757e-05, 3.78432378056e-05, 5.0541391829e-05, 3.46261549566e-05, 3.54341791535e-05, 2.38573738898e-05, 2.18363111344e-05, 1.90370465134e-05, 1.14488193503e-05, 6.77149000694e-06, 2.02585101761e-06, 1.32618893645e-07],
        "min": [3.19826062424e-24, 5.41929455858e-24, 3.33980830304e-24, 1.34137020855e-24, 1.55245648891e-23, 2.1859515544e-23, 1.85716158662e-23, 1.44012490482e-23, 1.91914223017e-23, 1.47469420964e-23, 2.46508651472e-23, 3.67546167624e-23, 6.12757553115e-23, 7.08581812558e-23, 5.53926894267e-23, 6.22062703917e-23, 8.6990645514e-23, 1.25859147601e-22, 1.90535997819e-22, 1.93362707323e-22, 2.60598218421e-22, 4.23584429261e-22, 5.51338849896e-22, 7.82057819261e-22, 9.82118346945e-22, 1.43168888941e-21, 2.10168297125e-21],
        "stdev": [0.00118148257025, 0.0251133274287, 0.00296777649783, 0.00258733262308, 0.00609009806067, 0.0017563594738, 0.00153931905515, 0.0012731050374, 0.00217994907871, 0.00276358984411, 0.00269912718795, 0.00149265839718, 0.00120931246784, 0.00212331698276, 0.00112635479309, 0.000824270537123, 0.000851773598697, 0.000848354480695, 0.000799037632532, 0.000612086267211, 0.000469440419693, 0.000567538256291, 0.000494402600452, 0.000240023160586, 0.000111913403089, 0.000366910069715, 0.000270363496384],
        "var": [1.39590099479e-06, 0.000630679249298, 8.80769675859e-06, 6.69428982292e-06, 3.70892958017e-05, 3.08479866362e-06, 2.36950313592e-06, 1.62079629717e-06, 4.75217848361e-06, 7.63742900745e-06, 7.28528721083e-06, 2.22802896133e-06, 1.462436785e-06, 4.5084748308e-06, 1.26867507788e-06, 6.79421873429e-07, 7.25518304989e-07, 7.19705326446e-07, 6.38461131075e-07, 3.74649602009e-07, 2.20374303694e-07, 3.22099680261e-07, 2.44433948637e-07, 5.76111176542e-08, 1.25246097937e-08, 1.34623007852e-07, 7.30964231366e-08]
    },
    "erbbands": {
        "dmean": [0.214882493019, 1.35853838921, 1.30926287174, 1.13614654541, 3.63261389732, 5.67805290222, 3.82113146782, 3.4055378437, 6.19756937027, 9.27258014679, 9.74339103699, 12.9803581238, 18.8111248016, 26.5905246735, 21.0294094086, 13.5009946823, 13.1702108383, 17.9281406403, 20.4334697723, 17.5521373749, 11.9987134933, 13.7829971313, 15.6956739426, 12.4636268616, 9.51683330536, 7.648873806, 6.05945444107, 3.06400108337, 3.02515172958, 2.45087718964, 2.02172660828, 0.990563690662, 0.686145544052, 0.362000435591, 0.282508432865, 0.276560246944, 0.247026383877, 0.116378933191, 0.0148037159815, 0.000480793300085],
        "dmean2": [0.316081136465, 2.08254337311, 2.10224628448, 1.80469739437, 5.51126670837, 8.42585659027, 5.69493865967, 5.3271689415, 9.82967948914, 14.6377429962, 15.0244750977, 21.0322685242, 31.4053001404, 45.8760910034, 35.9355201721, 22.3289241791, 22.900062561, 30.1437129974, 33.2535362244, 29.4509887695, 20.1244430542, 23.1870956421, 26.9974040985, 20.9973812103, 15.7120094299, 11.8485622406, 9.48600292206, 4.57272863388, 4.52383089066, 3.61654186249, 2.92348814011, 1.43648004532, 1.03812384605, 0.557066857815, 0.4548817873, 0.466276437044, 0.4235034585, 0.201381370425, 0.0253672935069, 0.000823442998808],
        "dvar": [0.598142921925, 25.0262584686, 19.6828899384, 11.5992479324, 91.4354171753, 259.478210449, 172.947601318, 81.7147369385, 235.10546875, 363.804779053, 682.998474121, 1524.10107422, 2446.63867188, 5929.75146484, 4134.9296875, 2040.88085938, 2429.23388672, 3276.29272461, 3566.56738281, 2374.10449219, 1319.90710449, 1591.63146973, 2497.97607422, 2262.46191406, 1645.83996582, 440.596557617, 293.668426514, 92.6310958862, 195.821060181, 78.3943481445, 68.6186599731, 12.5279893875, 4.27965450287, 0.912573218346, 0.713412225246, 0.935809493065, 0.830666899681, 0.189366102219, 0.00306745339185, 3.26114241034e-06],
        "dvar2": [1.32547318935, 55.0352859497, 50.6980361938, 28.0475120544, 203.906600952, 537.19128418, 292.276977539, 180.494094849, 585.433288574, 900.270751953, 1594.15246582, 3791.54150391, 6117.71142578, 16180.4833984, 11079.2236328, 4990.17871094, 6682.77880859, 8444.03125, 8818.94824219, 6125.07519531, 3340.86523438, 4039.98852539, 6776.57714844, 6223.56103516, 4391.76367188, 1021.67163086, 656.761901855, 209.475540161, 404.60723877, 143.537765503, 130.066818237, 22.9347343445, 8.9567155838, 2.03701138496, 1.7645380497, 2.38248372078, 2.17451667786, 0.496234804392, 0.00789741426706, 8.45858539833e-06],
        "max": [9.35172271729, 63.7032546997, 81.5578308105, 105.958656311, 206.978515625, 623.128479004, 808.36340332, 288.098175049, 417.617797852, 641.943481445, 951.164001465, 1494.96582031, 1349.12744141, 1614.79272461, 1325.92138672, 1248.8314209, 1010.39221191, 1652.62524414, 1374.50805664, 1493.31140137, 835.584899902, 1156.73217773, 662.153198242, 676.112304688, 821.647033691, 565.451416016, 526.480529785, 363.918609619, 726.976867676, 376.882904053, 379.438568115, 127.828147888, 70.9264297485, 27.2739715576, 9.5722322464, 12.3173837662, 16.9978027344, 4.72044944763, 0.684346497059, 0.0314770899713],
        "mean": [0.242348581553, 1.49381363392, 1.71946179867, 2.02465820312, 6.14917612076, 11.0537881851, 7.22810745239, 5.9234213829, 10.7888011932, 15.3296117783, 17.9904117584, 18.9340381622, 28.0388660431, 35.8946495056, 25.1806259155, 17.604019165, 15.2287664413, 25.7644176483, 31.3383464813, 23.1077060699, 15.7153549194, 17.5360393524, 18.4390239716, 15.1802959442, 11.8258447647, 12.5335617065, 9.6210269928, 5.04292058945, 5.17641305923, 4.58325004578, 3.60336041451, 1.70211935043, 1.08464324474, 0.514036357403, 0.285337924957, 0.220404952765, 0.174213796854, 0.0795097053051, 0.0102652972564, 0.000352466944605],
        "median": [0.00167037686333, 0.0218879450113, 0.0900422930717, 0.326215535402, 1.33572804928, 2.01173591614, 1.86302042007, 2.29519820213, 4.20668792725, 5.92777204514, 4.11292695999, 3.68892121315, 3.87011027336, 4.00424051285, 3.04138374329, 2.79072928429, 1.87724411488, 1.79764163494, 2.65952634811, 2.82963752747, 2.06972694397, 2.4161028862, 2.84867405891, 2.52353596687, 1.73074173927, 1.66529023647, 1.22906267643, 0.848485708237, 0.798565268517, 0.652705788612, 0.507131814957, 0.264465749264, 0.179112479091, 0.0987936705351, 0.0311038251966, 0.0106032956392, 0.0033578616567, 0.000548162672203, 3.61208622053e-05, 1.83271768037e-05],
        "min": [1.52453756552e-22, 1.41110529958e-21, 4.66348919721e-21, 6.61171522065e-21, 2.17010639833e-20, 5.79947184206e-20, 9.16683299665e-20, 1.77330113764e-19, 1.54757802414e-19, 3.03804568933e-19, 3.17594755419e-19, 4.06591401867e-19, 4.4297450167e-19, 8.35949657624e-19, 1.15483998468e-18, 1.54243872514e-18, 3.33697335647e-18, 3.99964242764e-18, 4.96934667333e-18, 3.77271907507e-18, 3.33309491337e-18, 6.15904291164e-18, 7.08434865154e-18, 8.35242893829e-18, 8.95968786857e-18, 8.92839479881e-18, 1.01928387996e-17, 1.04197758006e-17, 1.32893596442e-17, 1.52990230665e-17, 1.62917539525e-17, 1.36761195201e-17, 1.3984444476e-17, 9.05538770236e-18, 8.72103716286e-18, 4.91058789851e-18, 2.38491121889e-18, 1.06282813565e-18, 2.56124430859e-19, 3.08151241493e-20],
        "stdev": [0.845352888107, 5.30016899109, 4.71895027161, 5.64562177658, 13.0631999969, 26.5529518127, 22.8717880249, 12.841460228, 18.7063007355, 25.5550251007, 38.5358886719, 45.7619400024, 72.6008682251, 92.8995132446, 70.6451721191, 58.8906364441, 52.2186088562, 75.9583053589, 85.4281158447, 56.5017700195, 44.6788291931, 47.3627853394, 46.8965873718, 42.7522926331, 37.7933731079, 28.9959526062, 25.819776535, 14.0482301712, 21.5951595306, 16.1529655457, 14.6024951935, 6.36824703217, 3.4592525959, 1.37075173855, 0.826758921146, 0.847540616989, 0.769789159298, 0.365647912025, 0.0473785176873, 0.00153810658958],
        "var": [0.714621543884, 28.0917892456, 22.2684898376, 31.8730430603, 170.647201538, 705.059265137, 523.118652344, 164.903091431, 349.92565918, 653.059265137, 1485.01477051, 2094.1550293, 5270.88623047, 8630.31933594, 4990.74023438, 3468.10693359, 2726.78320312, 5769.66455078, 7297.96337891, 3192.44995117, 1996.19787598, 2243.23339844, 2199.29003906, 1827.75842285, 1428.33898926, 840.765258789, 666.660888672, 197.352767944, 466.350952148, 260.918273926, 213.23286438, 40.5545730591, 11.966427803, 1.87896025181, 0.683530330658, 0.718325078487, 0.592575371265, 0.133698388934, 0.00224472396076, 2.36577170654e-06]
    },
    "gfcc": {
        "mean": [-87.7255249023, 80.6355209351, -119.044204712, 11.3326969147, -66.5414886475, 3.01664042473, -32.4396705627, 5.08382225037, -22.6613426208, -0.17371930182, -16.1870975494, 0.11238475889, -10.4089040756],
        "cov": [[27329.7558594, -572.255981445, -484.752655029, 2899.79760742, 128.801971436, 197.51965332, -1024.50500488, 417.394744873, 148.87437439, -363.860443115, -283.284179688, -282.677459717, 46.852973938], [-572.255981445, 1651.37524414, 261.080444336, 139.679901123, 222.012786865, 108.000198364, 87.7640075684, 5.74874639511, 49.7351570129, -56.0709953308, 91.436882019, -104.867980957, 22.6588020325], [-484.752655029, 261.080444336, 1717.04370117, 434.815368652, 437.15914917, 146.032806396, 67.0423431396, 114.317802429, 29.6437549591, 14.548116684, 14.5742292404, 39.0651626587, -30.3251667023], [2899.79760742, 139.679901123, 434.815368652, 1575.91381836, 248.585708618, 205.02796936, -278.748168945, 219.278747559, 188.532272339, -99.6621704102, -15.8243160248, -107.627532959, 32.1062965393], [128.801971436, 222.012786865, 437.15914917, 248.585708618, 615.176391602, 135.055984497, 157.322479248, 155.00630188, 109.765396118, 54.4818611145, -2.7799243927, 18.1077537537, -3.80203843117], [197.51965332, 108.000198364, 146.032806396, 205.02796936, 135.055984497, 312.543060303, 125.496635437, 83.7239990234, 90.1907577515, 40.4705886841, 25.050075531, -24.7558403015, 0.550160288811], [-1024.50500488, 87.7640075684, 67.0423431396, -278.748168945, 157.322479248, 125.496635437, 452.157440186, 75.7995300293, 39.1943054199, 104.714157104, 65.8444976807, 59.0976638794, -15.6572675705], [417.394744873, 5.74874639511, 114.317802429, 219.278747559, 155.00630188, 83.7239990234, 75.7995300293, 219.661651611, 111.193870544, 44.9367828369, 12.4073066711, 11.0867366791, -0.214499607682], [148.87437439, 49.7351570129, 29.6437549591, 188.532272339, 109.765396118, 90.1907577515, 39.1943054199, 111.193870544, 221.711181641, 60.4797286987, 14.1153764725, -11.9749946594, 7.0627579689], [-363.860443115, -56.0709953308, 14.548116684, -99.6621704102, 54.4818611145, 40.4705886841, 104.714157104, 44.9367828369, 60.4797286987, 160.774307251, 40.866733551, 26.5747146606, -6.1147069931], [-283.284179688, 91.436882019, 14.5742292404, -15.8243160248, -2.7799243927, 25.050075531, 65.8444976807, 12.4073066711, 14.1153764725, 40.866733551, 129.561584473, 31.2111625671, 2.87122225761], [-282.677459717, -104.867980957, 39.0651626587, -107.627532959, 18.1077537537, -24.7558403015, 59.0976638794, 11.0867366791, -11.9749946594, 26.5747146606, 31.2111625671, 115.775749207, 15.9779233932], [46.852973938, 22.6588020325, -30.3251667023, 32.1062965393, -3.80203843117, 0.550160288811, -15.6572675705, -0.214499607682, 7.0627579689, -6.1147069931, 2.87122225761, 15.9779233932, 95.5966796875]],
        "icov": [[5.07747645315e-05, 1.47934497363e-05, 4.06012259191e-05, -8.62217639224e-05, -1.47176042447e-05, -2.23383358389e-05, 5.92742289882e-05, -7.28615777916e-05, 6.44158062642e-05, 1.77528363565e-05, 5.24045499333e-05, 3.92236916014e-06, 1.6680392946e-05], [1.47934497363e-05, 0.000825276307296, -8.3409169747e-05, 6.32750525256e-05, -0.000337931211106, -1.10020300781e-05, -0.000139331998071, 0.000173260486918, -0.000167136080563, 0.000625568907708, -0.000923603714909, 0.00111800630111, -0.000393140420783], [4.06012259191e-05, -8.3409169747e-05, 0.000822213536594, -0.000275381578831, -0.000473980326205, -0.000181986164534, 9.24409905565e-05, -1.2520972632e-05, 0.000393569789594, -0.000104380604171, 0.000112388435809, -0.000541716464795, 0.000401901954319], [-8.62217639224e-05, 6.32750525256e-05, -0.000275381578831, 0.0015025746543, -0.000290033291094, -0.000677116331644, 0.0010415839497, -0.000957845768426, -0.000632110110018, 0.000921630533412, -0.000730713363737, 0.000773194420617, -0.000405562692322], [-1.47176042447e-05, -0.000337931211106, -0.000473980326205, -0.000290033291094, 0.00277051702142, -9.06638597371e-05, -0.000811242905911, -0.000814097875264, -0.000364562205505, -0.000489658792503, 0.0011420045048, -0.000656787247863, 8.14662707853e-05], [-2.23383358389e-05, -1.10020300781e-05, -0.000181986164534, -0.000677116331644, -9.06638597371e-05, 0.00491587724537, -0.00178098736797, 6.56980046188e-05, -0.000841621309519, -0.000387549138395, -0.000287578470306, 0.00146171823144, -0.000338492798619], [5.92742289882e-05, -0.000139331998071, 9.24409905565e-05, 0.0010415839497, -0.000811242905911, -0.00178098736797, 0.00445543974638, -0.00138340797275, 0.000319980521454, -0.000738460745197, -0.0010247171158, -0.00103314651642, 0.000520675443113], [-7.28615777916e-05, 0.000173260486918, -1.2520972632e-05, -0.000957845768426, -0.000814097875264, 6.56980046188e-05, -0.00138340797275, 0.00814155116677, -0.0025186650455, -0.00074019189924, 0.000248252035817, -0.00104896165431, 0.000377897929866], [6.44158062642e-05, -0.000167136080563, 0.000393569789594, -0.000632110110018, -0.000364562205505, -0.000841621309519, 0.000319980521454, -0.0025186650455, 0.00742308655754, -0.00246643670835, 0.000210652200622, 0.000576385937165, -0.000426560349297], [1.77528363565e-05, 0.000625568907708, -0.000104380604171, 0.000921630533412, -0.000489658792503, -0.000387549138395, -0.000738460745197, -0.00074019189924, -0.00246643670835, 0.00957131013274, -0.00255948654376, 0.000152963228174, 0.000206272496143], [5.24045499333e-05, -0.000923603714909, 0.000112388435809, -0.000730713363737, 0.0011420045048, -0.000287578470306, -0.0010247171158, 0.000248252035817, 0.000210652200622, -0.00255948654376, 0.010569870472, -0.00346711766906, 0.000436844420619], [3.92236916014e-06, 0.00111800630111, -0.000541716464795, 0.000773194420617, -0.000656787247863, 0.00146171823144, -0.00103314651642, -0.00104896165431, 0.000576385937165, 0.000152963228174, -0.00346711766906, 0.0129778198898, -0.00300230481662], [1.6680392946e-05, -0.000393140420783, 0.000401901954319, -0.000405562692322, 8.14662707853e-05, -0.000338492798619, 0.000520675443113, 0.000377897929866, -0.000426560349297, 0.000206272496143, 0.000436844420619, -0.00300230481662, 0.0114340279251]]
    },
    "melbands": {
        "dmean": [0.00186079496052, 0.000983934965916, 0.000256689992966, 0.0003445611801, 0.000155158224516, 7.94852749095e-05, 9.77363597485e-05, 9.49564782786e-05, 8.91723611858e-05, 8.1405902165e-05, 9.84422949841e-05, 0.000110602522909, 8.82775930222e-05, 3.89615015592e-05, 3.45629814547e-05, 3.27820671373e-05, 3.5373494029e-05, 3.859779099e-05, 2.69025495072e-05, 1.97423578356e-05, 1.40466663652e-05, 1.51972672029e-05, 1.37258821269e-05, 1.48323997564e-05, 1.00641073004e-05, 7.70095812186e-06, 6.6371990215e-06, 5.02229249832e-06, 4.43390308646e-06, 2.47627986028e-06, 1.72941361143e-06, 1.83928386832e-06, 1.67470989254e-06, 1.42023850458e-06, 1.29430350171e-06, 8.96737503808e-07, 5.41981933111e-07, 4.92665151341e-07, 4.59569179156e-07, 2.68094396461e-07],
        "dmean2": [0.00273605831899, 0.0015027821064, 0.000400064716814, 0.000513786100782, 0.000229397264775, 0.000123751742649, 0.000155055371579, 0.000149386192788, 0.000137145034387, 0.000132916553412, 0.000164276061696, 0.00018980151799, 0.000151118001668, 6.64919061819e-05, 5.76991915295e-05, 5.78864965064e-05, 5.95447672822e-05, 6.31321308902e-05, 4.52664608019e-05, 3.31703049596e-05, 2.36030355154e-05, 2.5512999855e-05, 2.37214826484e-05, 2.54709575529e-05, 1.70497314684e-05, 1.27866323965e-05, 1.08669955807e-05, 7.78415233071e-06, 7.00454074831e-06, 3.84161785405e-06, 2.64418736151e-06, 2.79638857137e-06, 2.53215262092e-06, 2.12998679672e-06, 1.90688444945e-06, 1.32914681217e-06, 7.97899019744e-07, 7.53119991259e-07, 7.24064420865e-07, 4.1477483137e-07],
        "dvar": [4.39284849563e-05, 1.15699476737e-05, 4.70424112109e-07, 6.96017650625e-07, 2.86530138283e-07, 4.07736848729e-08, 5.03998300871e-08, 3.83063571974e-08, 5.64159421401e-08, 6.03804579669e-08, 6.90926853508e-08, 9.60634309877e-08, 7.09460650228e-08, 1.88233375553e-08, 1.59684248047e-08, 1.8145552616e-08, 1.24502212984e-08, 1.50381715969e-08, 7.35657224027e-09, 3.27406879386e-09, 2.22590412768e-09, 2.04012939875e-09, 1.7572382438e-09, 2.36649499996e-09, 1.51943702065e-09, 9.29853471998e-10, 6.78462064307e-10, 2.0154311553e-10, 1.58549590124e-10, 5.51339425503e-11, 3.51394607856e-11, 7.28988258647e-11, 6.00352892399e-11, 2.42180945437e-11, 3.13557096954e-11, 1.0252366664e-11, 4.01804284289e-12, 2.29058091938e-12, 1.75303250648e-12, 4.9564204737e-13],
        "dvar2": [9.52012851485e-05, 2.61918503384e-05, 1.12169630029e-06, 1.50858511461e-06, 4.98042766139e-07, 8.94855602951e-08, 1.25545142282e-07, 9.50219103402e-08, 1.2982923181e-07, 1.50535271359e-07, 1.73285400251e-07, 2.61100666421e-07, 1.8978943217e-07, 4.95969736392e-08, 4.03029218887e-08, 5.05733304124e-08, 3.15047614663e-08, 3.7328327096e-08, 1.91352125256e-08, 8.14486256218e-09, 5.54045698209e-09, 5.06997333005e-09, 4.74002748163e-09, 6.40565422927e-09, 4.18897361243e-09, 2.48277909343e-09, 1.77003434132e-09, 4.62398980217e-10, 3.74152181459e-10, 1.23201268631e-10, 8.33791299892e-11, 1.60462601539e-10, 1.28136071198e-10, 4.8053117041e-11, 5.91768994918e-11, 2.06454124629e-11, 7.97143861336e-12, 4.78737102044e-12, 4.12502584174e-12, 1.13852525498e-12],
        "max": [0.0803232342005, 0.0460759364069, 0.0188733004034, 0.0212062858045, 0.0323217660189, 0.00582085596398, 0.00583963748068, 0.00675193965435, 0.00797176267952, 0.00880401302129, 0.00695952167735, 0.00608292967081, 0.00487540615723, 0.00301156821661, 0.00410878751427, 0.00246762298048, 0.00305032799952, 0.00293981400318, 0.00297377398238, 0.00156047812197, 0.00132748554461, 0.00139346683864, 0.000766234355979, 0.000979701988399, 0.000633973104414, 0.000516019645147, 0.000583555083722, 0.000439928291598, 0.000319246202707, 0.000296702230116, 0.000226472780923, 0.000476247572806, 0.000328254216583, 0.00019126215193, 0.000231809390243, 0.000142933015013, 8.00470879767e-05, 5.45918555872e-05, 3.36529301421e-05, 2.15349900827e-05],
        "mean": [0.00212907372043, 0.00123689894099, 0.000453769549495, 0.000655134906992, 0.000299656763673, 0.00014101160923, 0.000172498665052, 0.000155223766342, 0.000163668664754, 0.000114368682262, 0.000144884776091, 0.000149912433699, 0.000108320928121, 4.31233202107e-05, 4.45658879471e-05, 3.45171320077e-05, 5.07802687935e-05, 5.83096771152e-05, 3.39635153068e-05, 2.40255503741e-05, 1.7407199266e-05, 1.90852770174e-05, 1.46252332343e-05, 1.74419383256e-05, 1.17454846986e-05, 9.05140586838e-06, 8.49928073876e-06, 8.07966080174e-06, 6.66841879138e-06, 3.70505040337e-06, 2.65336257144e-06, 2.92975755656e-06, 2.76070909422e-06, 2.53935581895e-06, 2.28072167374e-06, 1.41621933381e-06, 8.83704956323e-07, 7.61783610415e-07, 6.52149140024e-07, 3.56467069196e-07],
        "median": [1.9630708266e-05, 4.49762228527e-05, 9.96017915895e-05, 0.000143285986269, 7.05410566297e-05, 5.54237885808e-05, 7.2500508395e-05, 5.52619057999e-05, 3.13681994157e-05, 2.14454594243e-05, 1.83623105841e-05, 1.64337434398e-05, 1.00242396002e-05, 6.46072112431e-06, 5.80816595175e-06, 2.70799455393e-06, 3.16414593726e-06, 3.62727655556e-06, 3.7627871734e-06, 2.63705010184e-06, 1.87621026271e-06, 2.29547777053e-06, 2.08322035178e-06, 2.56662497122e-06, 1.83550366728e-06, 1.21130801745e-06, 1.09690063255e-06, 1.00148508864e-06, 7.94045263319e-07, 4.75454754678e-07, 4.45375320623e-07, 4.37813298504e-07, 3.60211487305e-07, 3.31701329515e-07, 2.94321353067e-07, 2.01489427809e-07, 1.26905305819e-07, 1.15379179988e-07, 1.13786981615e-07, 6.52284910529e-08],
        "min": [1.89210161662e-24, 4.2571923991e-24, 2.55355734413e-24, 3.02436846502e-24, 3.34396402229e-24, 4.65361433106e-24, 2.77735461914e-24, 3.66844223413e-24, 2.41752025317e-24, 2.70358369994e-24, 2.05862857599e-24, 3.16084909302e-24, 3.38942292082e-24, 4.92096599716e-24, 3.93894342739e-24, 4.04849924662e-24, 6.82957590873e-24, 7.29694996266e-24, 4.77714561008e-24, 4.41788533764e-24, 3.27252320099e-24, 5.71000242393e-24, 5.39705301979e-24, 6.37051723759e-24, 6.08696512952e-24, 7.87806277077e-24, 5.48038946911e-24, 5.36994065934e-24, 7.27920374774e-24, 5.4720973577e-24, 6.48067022452e-24, 6.77050363756e-24, 6.67795605388e-24, 8.52369730118e-24, 7.60626547904e-24, 7.55839976589e-24, 6.1437205162e-24, 8.71347593573e-24, 8.78553916828e-24, 7.42505939595e-24],
        "stdev": [0.00733359484002, 0.00372039689682, 0.00102749513462, 0.00131411268376, 0.00091218930902, 0.000294902914902, 0.00028053697315, 0.000261947046965, 0.000367591303075, 0.000278369232547, 0.000386985571822, 0.000381240388379, 0.000308320944896, 0.000153642264195, 0.000163243341376, 0.000137757466291, 0.000152700347826, 0.000177062538569, 9.88504689303e-05, 6.51313821436e-05, 6.01679384999e-05, 5.72117351112e-05, 3.81856480089e-05, 4.69060069008e-05, 3.48283647327e-05, 2.89781764877e-05, 2.55121576629e-05, 1.97093941097e-05, 1.76514022314e-05, 1.13356845759e-05, 8.28543852549e-06, 1.24379694171e-05, 1.18071511679e-05, 8.66095797392e-06, 9.88558167592e-06, 5.28107875652e-06, 3.39441999131e-06, 2.50890525422e-06, 1.92005927602e-06, 9.38685900564e-07],
        "var": [5.37816158612e-05, 1.38413524837e-05, 1.05574622467e-06, 1.72689215105e-06, 8.32089369851e-07, 8.69677307946e-08, 7.87009923897e-08, 6.86162522356e-08, 1.35123372047e-07, 7.74894317601e-08, 1.4975783813e-07, 1.45344230873e-07, 9.50618002094e-08, 2.36059456427e-08, 2.66483901612e-08, 1.89771203196e-08, 2.33173977904e-08, 3.13511421268e-08, 9.77141478842e-09, 4.24209734007e-09, 3.62018082178e-09, 3.27318283588e-09, 1.4581438279e-09, 2.20017337682e-09, 1.21301491074e-09, 8.39734726199e-10, 6.50870191077e-10, 3.88460180689e-10, 3.11572018186e-10, 1.28497754104e-10, 6.86484896706e-11, 1.54703083677e-10, 1.39408817823e-10, 7.50121909032e-11, 9.77247241463e-11, 2.78897929057e-11, 1.15220871039e-11, 6.29460589555e-12, 3.68662782593e-12, 8.81131213999e-13]
    },
    "melbands128": {
